Price,Adj Close,Close,High,Low,Open,Volume
Ticker,TXN,TXN,TXN,TXN,TXN,TXN
Date,,,,,,
2010-01-04 00:00:00+00:00,17.69227409362793,26.010000228881836,26.610000610351562,25.889999389648438,26.200000762939453,10369300
2010-01-05 00:00:00+00:00,17.590238571166992,25.860000610351562,26.299999237060547,25.700000762939453,25.950000762939453,10943800
2010-01-06 00:00:00+00:00,17.46099853515625,25.670000076293945,26.030000686645508,25.559999465942383,25.899999618530273,8933800
2010-01-07 00:00:00+00:00,17.515417098999023,25.75,25.84000015258789,25.360000610351562,25.600000381469727,10775400
2010-01-08 00:00:00+00:00,17.91674041748047,26.34000015258789,26.34000015258789,25.520000457763672,25.600000381469727,12875600
2010-01-11 00:00:00+00:00,17.685474395751953,26.0,26.489999771118164,25.719999313354492,26.34000015258789,11677000
2010-01-12 00:00:00+00:00,16.944040298461914,24.90999984741211,26.030000686645508,24.670000076293945,26.020000457763672,21165300
2010-01-13 00:00:00+00:00,17.01885986328125,25.020000457763672,25.15999984741211,24.670000076293945,25.010000228881836,18809200
2010-01-14 00:00:00+00:00,16.808002471923828,24.709999084472656,25.0,24.479999542236328,24.889999389648438,22908400
2010-01-15 00:00:00+00:00,16.665157318115234,24.5,24.770000457763672,24.200000762939453,24.68000030517578,20359100
2010-01-19 00:00:00+00:00,16.814802169799805,24.719999313354492,24.780000686645508,24.350000381469727,24.450000762939453,11783800
2010-01-20 00:00:00+00:00,16.699167251586914,24.549999237060547,24.610000610351562,24.200000762939453,24.520000457763672,13253500
2010-01-21 00:00:00+00:00,16.447492599487305,24.18000030517578,24.8799991607666,24.010000228881836,24.549999237060547,18407800
2010-01-22 00:00:00+00:00,15.719659805297852,23.110000610351562,24.170000076293945,23.0,24.100000381469727,21806400
2010-01-25 00:00:00+00:00,16.11418342590332,23.690000534057617,23.81999969482422,23.200000762939453,23.40999984741211,20192100
2010-01-26 00:00:00+00:00,15.882905006408691,23.350000381469727,23.899999618530273,23.290000915527344,23.389999389648438,19646700
2010-01-27 00:00:00+00:00,16.005355834960938,23.530000686645508,23.65999984741211,23.079999923706055,23.3700008392334,19535100
2010-01-28 00:00:00+00:00,15.7592191696167,23.049999237060547,23.510000228881836,22.690000534057617,23.459999084472656,20198600
2010-01-29 00:00:00+00:00,15.383179664611816,22.5,23.3700008392334,22.280000686645508,23.110000610351562,23137300
2010-02-01 00:00:00+00:00,15.7592191696167,23.049999237060547,23.079999923706055,22.559999465942383,22.559999465942383,13199000
2010-02-02 00:00:00+00:00,15.936973571777344,23.309999465942383,23.3700008392334,22.940000534057617,22.969999313354492,11891100
2010-02-03 00:00:00+00:00,15.861770629882812,23.200000762939453,23.31999969482422,22.93000030517578,23.260000228881836,12877300
2010-02-04 00:00:00+00:00,15.444718360900879,22.59000015258789,23.010000228881836,22.399999618530273,23.010000228881836,14643500
2010-02-05 00:00:00+00:00,15.704521179199219,22.969999313354492,23.1299991607666,22.5,22.549999237060547,23094000
2010-02-08 00:00:00+00:00,15.793400764465332,23.100000381469727,23.3700008392334,22.700000762939453,23.0,16138900
2010-02-09 00:00:00+00:00,15.984834671020508,23.3799991607666,23.65999984741211,23.270000457763672,23.329999923706055,17494900
2010-02-10 00:00:00+00:00,16.025859832763672,23.440000534057617,23.579999923706055,23.139999389648438,23.389999389648438,12401200
2010-02-11 00:00:00+00:00,16.251482009887695,23.770000457763672,24.0,23.299999237060547,23.43000030517578,16194800
2010-02-12 00:00:00+00:00,16.42923927307129,24.030000686645508,24.270000457763672,23.399999618530273,23.540000915527344,21796600
2010-02-16 00:00:00+00:00,16.948854446411133,24.790000915527344,24.8799991607666,24.1299991607666,24.1299991607666,22856400
2010-02-17 00:00:00+00:00,16.8941593170166,24.709999084472656,24.969999313354492,24.299999237060547,24.860000610351562,19430500
2010-02-18 00:00:00+00:00,16.976200103759766,24.829999923706055,24.860000610351562,24.389999389648438,24.649999618530273,13218600
2010-02-19 00:00:00+00:00,17.099260330200195,25.010000228881836,25.059999465942383,24.59000015258789,24.799999237060547,15979000
2010-02-22 00:00:00+00:00,16.907833099365234,24.729999542236328,25.149999618530273,24.6200008392334,25.020000457763672,11176800
2010-02-23 00:00:00+00:00,16.613834381103516,24.299999237060547,24.719999313354492,24.059999465942383,24.670000076293945,12905800
2010-02-24 00:00:00+00:00,16.921497344970703,24.75,25.0,24.479999542236328,24.530000686645508,14513800
2010-02-25 00:00:00+00:00,16.76425552368164,24.520000457763672,24.549999237060547,24.010000228881836,24.209999084472656,17886100
2010-02-26 00:00:00+00:00,16.66853141784668,24.3799991607666,24.610000610351562,24.229999542236328,24.450000762939453,13204600
2010-03-01 00:00:00+00:00,16.83945655822754,24.6299991607666,24.93000030517578,24.469999313354492,24.530000686645508,14892800
2010-03-02 00:00:00+00:00,16.736900329589844,24.479999542236328,24.920000076293945,24.25,24.540000915527344,16888500
2010-03-03 00:00:00+00:00,16.68221092224121,24.399999618530273,24.790000915527344,24.350000381469727,24.56999969482422,13012700
2010-03-04 00:00:00+00:00,16.86680793762207,24.670000076293945,24.75,24.15999984741211,24.459999084472656,13538000
2010-03-05 00:00:00+00:00,17.071918487548828,24.969999313354492,25.09000015258789,24.610000610351562,24.799999237060547,10345800
2010-03-08 00:00:00+00:00,16.880489349365234,24.690000534057617,25.09000015258789,24.549999237060547,25.09000015258789,22269200
2010-03-09 00:00:00+00:00,16.53862953186035,24.190000534057617,24.489999771118164,23.8700008392334,24.290000915527344,27986900
2010-03-10 00:00:00+00:00,16.812110900878906,24.59000015258789,24.68000030517578,24.170000076293945,24.190000534057617,13878500
2010-03-11 00:00:00+00:00,16.456584930419922,24.06999969482422,24.399999618530273,23.799999237060547,24.3799991607666,23056400
2010-03-12 00:00:00+00:00,16.40873146057129,24.0,24.239999771118164,23.899999618530273,24.100000381469727,15073900
2010-03-15 00:00:00+00:00,16.367706298828125,23.940000534057617,23.989999771118164,23.700000762939453,23.90999984741211,9053400
2010-03-16 00:00:00+00:00,16.873640060424805,24.68000030517578,24.75,23.959999084472656,24.010000228881836,18282000
2010-03-17 00:00:00+00:00,17.03089714050293,24.90999984741211,25.0,24.559999465942383,24.559999465942383,12620400
2010-03-18 00:00:00+00:00,16.90098762512207,24.719999313354492,25.0,24.549999237060547,24.889999389648438,10499500
2010-03-19 00:00:00+00:00,16.654855728149414,24.360000610351562,24.729999542236328,24.1299991607666,24.360000610351562,16945400
2010-03-22 00:00:00+00:00,16.907833099365234,24.729999542236328,24.75,24.170000076293945,24.219999313354492,10651200
2010-03-23 00:00:00+00:00,17.400089263916016,25.450000762939453,25.479999542236328,24.729999542236328,24.799999237060547,17937200
2010-03-24 00:00:00+00:00,16.948854446411133,24.790000915527344,25.329999923706055,24.719999313354492,25.309999465942383,16894900
2010-03-25 00:00:00+00:00,16.948854446411133,24.790000915527344,25.219999313354492,24.780000686645508,25.15999984741211,11306500
2010-03-26 00:00:00+00:00,16.921497344970703,24.75,25.030000686645508,24.510000228881836,24.90999984741211,10138000
2010-03-29 00:00:00+00:00,16.907833099365234,24.729999542236328,25.06999969482422,24.6200008392334,24.860000610351562,9217600
2010-03-30 00:00:00+00:00,16.825788497924805,24.610000610351562,24.889999389648438,24.5,24.729999542236328,11074400
2010-03-31 00:00:00+00:00,16.73006820678711,24.469999313354492,24.770000457763672,24.3799991607666,24.579999923706055,9899700
2010-04-01 00:00:00+00:00,16.83945655822754,24.6299991607666,25.0,24.440000534057617,24.639999389648438,9057000
2010-04-05 00:00:00+00:00,17.359073638916016,25.389999389648438,25.5,24.65999984741211,24.729999542236328,14225500
2010-04-06 00:00:00+00:00,17.126611709594727,25.049999237060547,25.299999237060547,24.93000030517578,25.239999771118164,10626400
2010-04-07 00:00:00+00:00,17.31121063232422,25.31999969482422,25.399999618530273,24.889999389648438,25.110000610351562,13333000
2010-04-08 00:00:00+00:00,16.90098762512207,24.719999313354492,25.31999969482422,24.719999313354492,25.1200008392334,16002500
2010-04-09 00:00:00+00:00,17.051403045654297,24.940000534057617,24.969999313354492,24.6200008392334,24.8700008392334,13451500
2010-04-12 00:00:00+00:00,17.56418228149414,25.690000534057617,25.979999542236328,25.239999771118164,25.260000228881836,18574600
2010-04-13 00:00:00+00:00,17.687244415283203,25.8700008392334,26.0,25.579999923706055,25.6299991607666,11606700
2010-04-14 00:00:00+00:00,18.391456604003906,26.899999618530273,26.90999984741211,26.3799991607666,26.40999984741211,20317400
2010-04-15 00:00:00+00:00,18.45298194885254,26.989999771118164,27.0,26.600000381469727,26.8700008392334,11570500
2010-04-16 00:00:00+00:00,18.17266845703125,26.579999923706055,26.809999465942383,26.350000381469727,26.729999542236328,14772100
2010-04-19 00:00:00+00:00,18.070112228393555,26.43000030517578,26.68000030517578,25.90999984741211,26.469999313354492,13289700
2010-04-20 00:00:00+00:00,18.220523834228516,26.649999618530273,26.84000015258789,26.399999618530273,26.600000381469727,11003900
2010-04-21 00:00:00+00:00,18.063276290893555,26.420000076293945,26.899999618530273,26.059999465942383,26.739999771118164,10479800
2010-04-22 00:00:00+00:00,18.117965698242188,26.5,26.600000381469727,25.399999618530273,25.950000762939453,17497200
2010-04-23 00:00:00+00:00,18.23419952392578,26.670000076293945,26.75,26.030000686645508,26.469999313354492,14470700
2010-04-26 00:00:00+00:00,18.56920623779297,27.15999984741211,27.350000381469727,26.790000915527344,26.860000610351562,21070400
2010-04-27 00:00:00+00:00,18.14531898498535,26.540000915527344,27.440000534057617,26.40999984741211,26.799999237060547,37647800
2010-04-28 00:00:00+00:00,18.13158416748047,26.399999618530273,26.760000228881836,26.09000015258789,26.75,17187200
2010-04-29 00:00:00+00:00,18.550540924072266,27.010000228881836,27.049999237060547,26.360000610351562,26.639999389648438,15133100
2010-04-30 00:00:00+00:00,17.863733291625977,26.010000228881836,26.950000762939453,26.010000228881836,26.90999984741211,18069000
2010-05-03 00:00:00+00:00,18.165924072265625,26.450000762939453,26.719999313354492,26.100000381469727,26.229999542236328,12975600
2010-05-04 00:00:00+00:00,17.67828941345215,25.739999771118164,26.219999313354492,25.440000534057617,26.18000030517578,21086300
2010-05-05 00:00:00+00:00,17.76758575439453,25.8700008392334,26.18000030517578,25.190000534057617,25.530000686645508,21484600
2010-05-06 00:00:00+00:00,17.218137741088867,25.06999969482422,26.1200008392334,23.489999771118164,25.780000686645508,27373200
2010-05-07 00:00:00+00:00,16.991491317749023,24.739999771118164,25.270000457763672,23.959999084472656,24.90999984741211,26491900
2010-05-10 00:00:00+00:00,17.733245849609375,25.81999969482422,26.0,25.450000762939453,25.68000030517578,17622700
2010-05-11 00:00:00+00:00,17.61648178100586,25.649999618530273,26.149999618530273,25.25,25.5,15890100
2010-05-12 00:00:00+00:00,17.925539016723633,26.100000381469727,26.149999618530273,25.670000076293945,25.809999465942383,12698500
2010-05-13 00:00:00+00:00,17.506591796875,25.489999771118164,26.09000015258789,25.40999984741211,25.979999542236328,13313600
2010-05-14 00:00:00+00:00,17.087636947631836,24.8799991607666,25.360000610351562,24.5,25.270000457763672,18323300
2010-05-17 00:00:00+00:00,17.458520889282227,25.420000076293945,25.5,24.65999984741211,24.950000762939453,16456000
2010-05-18 00:00:00+00:00,16.854127883911133,24.540000915527344,25.65999984741211,24.389999389648438,25.600000381469727,25045000
2010-05-19 00:00:00+00:00,16.929683685302734,24.649999618530273,24.8700008392334,24.100000381469727,24.43000030517578,19404600
2010-05-20 00:00:00+00:00,16.66182518005371,24.260000228881836,24.700000762939453,23.899999618530273,24.139999389648438,24563200
2010-05-21 00:00:00+00:00,16.874738693237305,24.56999969482422,24.84000015258789,23.600000381469727,23.889999389648438,19264900
2010-05-24 00:00:00+00:00,16.64809799194336,24.239999771118164,24.600000381469727,24.149999618530273,24.450000762939453,12654300
2010-05-25 00:00:00+00:00,16.757978439331055,24.399999618530273,24.440000534057617,23.450000762939453,23.6200008392334,20761600
2010-05-26 00:00:00+00:00,16.57941436767578,24.139999389648438,24.81999969482422,24.040000915527344,24.540000915527344,17978000
2010-05-27 00:00:00+00:00,17.067041397094727,24.850000381469727,24.8700008392334,24.459999084472656,24.510000228881836,14974200
2010-05-28 00:00:00+00:00,16.771718978881836,24.420000076293945,24.899999618530273,24.200000762939453,24.770000457763672,14589500
2010-06-01 00:00:00+00:00,16.723636627197266,24.350000381469727,24.860000610351562,24.270000457763672,24.280000686645508,15099700
2010-06-02 00:00:00+00:00,17.005224227905273,24.760000228881836,24.780000686645508,24.239999771118164,24.520000457763672,12846000
2010-06-03 00:00:00+00:00,17.197538375854492,25.040000915527344,25.18000030517578,24.649999618530273,24.809999465942383,12150800
2010-06-04 00:00:00+00:00,16.606887817382812,24.18000030517578,24.950000762939453,24.06999969482422,24.65999984741211,14542600
2010-06-07 00:00:00+00:00,16.256616592407227,23.670000076293945,24.559999465942383,23.610000610351562,24.31999969482422,16883500
2010-06-08 00:00:00+00:00,16.40084457397461,23.8799991607666,24.0,23.09000015258789,23.989999771118164,19113300
2010-06-09 00:00:00+00:00,16.3046932220459,23.739999771118164,24.540000915527344,23.639999389648438,24.299999237060547,19882500
2010-06-10 00:00:00+00:00,16.847261428833008,24.530000686645508,24.56999969482422,24.040000915527344,24.200000762939453,17308800
2010-06-11 00:00:00+00:00,16.792316436767578,24.450000762939453,24.59000015258789,24.149999618530273,24.270000457763672,13942700
2010-06-14 00:00:00+00:00,16.874738693237305,24.56999969482422,24.889999389648438,24.510000228881836,24.739999771118164,14604200
2010-06-15 00:00:00+00:00,17.65081787109375,25.700000762939453,25.760000228881836,24.530000686645508,24.75,17740500
2010-06-16 00:00:00+00:00,17.458520889282227,25.420000076293945,25.600000381469727,25.100000381469727,25.329999923706055,19305300
2010-06-17 00:00:00+00:00,17.534074783325195,25.530000686645508,25.690000534057617,25.209999084472656,25.690000534057617,10056300
2010-06-18 00:00:00+00:00,17.479122161865234,25.450000762939453,25.690000534057617,25.270000457763672,25.510000228881836,12038300
2010-06-21 00:00:00+00:00,17.341764450073242,25.25,25.850000381469727,25.110000610351562,25.760000228881836,11123000
2010-06-22 00:00:00+00:00,16.998361587524414,24.75,25.579999923706055,24.690000534057617,25.34000015258789,11927500
2010-06-23 00:00:00+00:00,17.018962860107422,24.780000686645508,25.100000381469727,24.469999313354492,24.8799991607666,11448400
2010-06-24 00:00:00+00:00,16.675559997558594,24.280000686645508,24.75,24.170000076293945,24.600000381469727,14724700
2010-06-25 00:00:00+00:00,16.5107364654541,24.040000915527344,24.43000030517578,23.860000610351562,24.219999313354492,26127200
2010-06-28 00:00:00+00:00,16.730506896972656,24.360000610351562,24.5,24.020000457763672,24.15999984741211,11670500
2010-06-29 00:00:00+00:00,16.407712936401367,23.889999389648438,24.09000015258789,23.68000030517578,24.049999237060547,19408500
2010-06-30 00:00:00+00:00,15.98875904083252,23.280000686645508,24.06999969482422,23.15999984741211,24.010000228881836,17478500
2010-07-01 00:00:00+00:00,15.913209915161133,23.170000076293945,23.469999313354492,22.649999618530273,23.209999084472656,16440000
2010-07-02 00:00:00+00:00,15.872005462646484,23.110000610351562,23.389999389648438,22.709999084472656,23.299999237060547,11337000
2010-07-06 00:00:00+00:00,15.878873825073242,23.1200008392334,23.540000915527344,22.940000534057617,23.3700008392334,13470200
2010-07-07 00:00:00+00:00,16.654956817626953,24.25,24.270000457763672,23.149999618530273,23.200000762939453,16852400
2010-07-08 00:00:00+00:00,16.634355545043945,24.219999313354492,24.469999313354492,23.860000610351562,24.420000076293945,10670900
2010-07-09 00:00:00+00:00,16.812925338745117,24.479999542236328,24.510000228881836,24.170000076293945,24.3799991607666,7698500
2010-07-12 00:00:00+00:00,16.998361587524414,24.75,24.799999237060547,24.360000610351562,24.360000610351562,9822500
2010-07-13 00:00:00+00:00,17.43791389465332,25.389999389648438,25.540000915527344,24.950000762939453,25.079999923706055,15212100
2010-07-14 00:00:00+00:00,17.231870651245117,25.09000015258789,25.799999237060547,24.959999084472656,25.579999923706055,17591100
2010-07-15 00:00:00+00:00,17.44478416442871,25.399999618530273,25.450000762939453,24.75,25.06999969482422,14120800
2010-07-16 00:00:00+00:00,17.012094497680664,24.770000457763672,25.43000030517578,24.729999542236328,25.200000762939453,12003700
2010-07-19 00:00:00+00:00,17.547800064086914,25.549999237060547,25.579999923706055,24.8700008392334,24.8700008392334,15506000
2010-07-20 00:00:00+00:00,17.012094497680664,24.770000457763672,24.889999389648438,24.010000228881836,24.15999984741211,30930000
2010-07-21 00:00:00+00:00,16.8266658782959,24.5,24.920000076293945,24.399999618530273,24.770000457763672,15249900
2010-07-22 00:00:00+00:00,17.369234085083008,25.290000915527344,25.420000076293945,24.649999618530273,24.670000076293945,15635900
2010-07-23 00:00:00+00:00,17.43104362487793,25.3799991607666,25.459999084472656,25.0,25.25,12517200
2010-07-26 00:00:00+00:00,17.62335205078125,25.65999984741211,25.65999984741211,25.09000015258789,25.280000686645508,9569100
2010-07-27 00:00:00+00:00,17.568405151367188,25.579999923706055,25.920000076293945,25.469999313354492,25.790000915527344,13152100
2010-07-28 00:00:00+00:00,17.40279769897461,25.219999313354492,25.6200008392334,25.100000381469727,25.420000076293945,11958100
2010-07-29 00:00:00+00:00,17.168182373046875,24.8799991607666,25.399999618530273,24.639999389648438,25.350000381469727,12190000
2010-07-30 00:00:00+00:00,17.037076950073242,24.690000534057617,24.8799991607666,24.25,24.59000015258789,13150900
2010-08-02 00:00:00+00:00,17.326894760131836,25.110000610351562,25.229999542236328,24.40999984741211,24.649999618530273,9116900
2010-08-03 00:00:00+00:00,17.1198787689209,24.809999465942383,25.100000381469727,24.700000762939453,25.06999969482422,9204100
2010-08-04 00:00:00+00:00,17.37519645690918,25.18000030517578,25.25,24.6200008392334,24.81999969482422,10671300
2010-08-05 00:00:00+00:00,17.52700424194336,25.399999618530273,25.530000686645508,24.899999618530273,25.06999969482422,13410400
2010-08-06 00:00:00+00:00,17.568408966064453,25.459999084472656,25.600000381469727,25.059999465942383,25.200000762939453,12003500
2010-08-09 00:00:00+00:00,17.734018325805664,25.700000762939453,25.850000381469727,25.350000381469727,25.549999237060547,8919100
2010-08-10 00:00:00+00:00,17.49249839782715,25.350000381469727,25.540000915527344,24.969999313354492,25.3799991607666,15417300
2010-08-11 00:00:00+00:00,17.230289459228516,24.969999313354492,25.139999389648438,24.860000610351562,25.010000228881836,12745300
2010-08-12 00:00:00+00:00,16.843868255615234,24.40999984741211,24.969999313354492,24.219999313354492,24.299999237060547,18134400
2010-08-13 00:00:00+00:00,16.754159927368164,24.280000686645508,24.690000534057617,24.239999771118164,24.360000610351562,9836200
2010-08-16 00:00:00+00:00,16.926668167114258,24.530000686645508,24.59000015258789,24.030000686645508,24.18000030517578,10180900
2010-08-17 00:00:00+00:00,17.04397201538086,24.700000762939453,24.8700008392334,24.649999618530273,24.790000915527344,9929400
2010-08-18 00:00:00+00:00,17.188886642456055,24.90999984741211,25.139999389648438,24.540000915527344,24.75,10860600
2010-08-19 00:00:00+00:00,16.926668167114258,24.530000686645508,25.049999237060547,24.450000762939453,24.850000381469727,9449500
2010-08-20 00:00:00+00:00,17.04397201538086,24.700000762939453,24.8700008392334,24.440000534057617,24.440000534057617,12589100
2010-08-23 00:00:00+00:00,16.816267013549805,24.3700008392334,24.860000610351562,24.360000610351562,24.760000228881836,12780000
2010-08-24 00:00:00+00:00,16.74726104736328,24.270000457763672,24.579999923706055,24.030000686645508,24.1200008392334,14861700
2010-08-25 00:00:00+00:00,16.77486228942871,24.309999465942383,24.40999984741211,23.860000610351562,24.06999969482422,14788700
2010-08-26 00:00:00+00:00,16.443645477294922,23.829999923706055,24.34000015258789,23.75,24.309999465942383,15337500
2010-08-27 00:00:00+00:00,16.664459228515625,24.149999618530273,24.219999313354492,23.34000015258789,23.940000534057617,17892700
2010-08-30 00:00:00+00:00,16.043428421020508,23.25,23.899999618530273,23.25,23.770000457763672,19672200
2010-08-31 00:00:00+00:00,15.884709358215332,23.020000457763672,23.59000015258789,22.950000762939453,23.209999084472656,17039700
2010-09-01 00:00:00+00:00,16.388442993164062,23.75,23.860000610351562,23.15999984741211,23.360000610351562,13779500
2010-09-02 00:00:00+00:00,16.588552474975586,24.040000915527344,24.1200008392334,23.709999084472656,23.760000228881836,10832200
2010-09-03 00:00:00+00:00,16.788660049438477,24.329999923706055,24.489999771118164,23.940000534057617,24.270000457763672,11599200
2010-09-07 00:00:00+00:00,16.29874038696289,23.6200008392334,24.1200008392334,23.549999237060547,24.06999969482422,11004700
2010-09-08 00:00:00+00:00,16.340139389038086,23.68000030517578,23.770000457763672,23.350000381469727,23.610000610351562,12763600
2010-09-09 00:00:00+00:00,16.450536727905273,23.84000015258789,24.15999984741211,23.709999084472656,23.93000030517578,13149200
2010-09-10 00:00:00+00:00,16.35394287109375,23.700000762939453,23.889999389648438,23.260000228881836,23.56999969482422,17328700
2010-09-13 00:00:00+00:00,16.878372192382812,24.459999084472656,24.489999771118164,23.979999542236328,24.010000228881836,12710300
2010-09-14 00:00:00+00:00,17.037076950073242,24.690000534057617,24.93000030517578,24.110000610351562,24.3700008392334,14274900
2010-09-15 00:00:00+00:00,17.02327537536621,24.670000076293945,24.709999084472656,24.260000228881836,24.5,11457300
2010-09-16 00:00:00+00:00,17.2371826171875,24.979999542236328,24.989999771118164,24.450000762939453,24.700000762939453,12517500
2010-09-17 00:00:00+00:00,17.747814178466797,25.719999313354492,25.850000381469727,25.239999771118164,25.59000015258789,25212100
2010-09-20 00:00:00+00:00,17.844425201416016,25.860000610351562,25.93000030517578,25.219999313354492,25.700000762939453,16572300
2010-09-21 00:00:00+00:00,17.803016662597656,25.799999237060547,26.079999923706055,25.610000610351562,25.8799991607666,15808400
2010-09-22 00:00:00+00:00,17.55461311340332,25.440000534057617,25.969999313354492,25.31999969482422,25.610000610351562,10210100
2010-09-23 00:00:00+00:00,17.782325744628906,25.770000457763672,26.25,25.1200008392334,25.360000610351562,13297600
2010-09-24 00:00:00+00:00,18.58277130126953,26.93000030517578,26.940000534057617,26.079999923706055,26.079999923706055,14901500
2010-09-27 00:00:00+00:00,18.410253524780273,26.68000030517578,27.0,26.65999984741211,26.850000381469727,9673700
2010-09-28 00:00:00+00:00,18.672466278076172,27.059999465942383,27.170000076293945,26.440000534057617,26.639999389648438,12484500
2010-09-29 00:00:00+00:00,18.52065658569336,26.84000015258789,27.079999923706055,26.719999313354492,26.90999984741211,12016400
2010-09-30 00:00:00+00:00,18.727670669555664,27.139999389648438,27.399999618530273,26.739999771118164,26.889999389648438,19052400
2010-10-01 00:00:00+00:00,18.80358123779297,27.25,27.610000610351562,26.920000076293945,27.309999465942383,12156000
2010-10-04 00:00:00+00:00,18.775978088378906,27.209999084472656,27.579999923706055,27.010000228881836,27.200000762939453,15091800
2010-10-05 00:00:00+00:00,19.5488224029541,28.329999923706055,28.5,27.40999984741211,27.440000534057617,23034400
2010-10-06 00:00:00+00:00,19.535022735595703,28.309999465942383,28.559999465942383,27.860000610351562,28.229999542236328,18289700
2010-10-07 00:00:00+00:00,19.417709350585938,28.139999389648438,28.399999618530273,27.860000610351562,28.3799991607666,16897300
2010-10-08 00:00:00+00:00,19.8248348236084,28.729999542236328,28.860000610351562,27.799999237060547,28.1200008392334,16244800
2010-10-11 00:00:00+00:00,19.852434158325195,28.770000457763672,28.979999542236328,28.600000381469727,28.760000228881836,11592500
2010-10-12 00:00:00+00:00,19.79033660888672,28.68000030517578,28.850000381469727,28.329999923706055,28.6200008392334,14847700
2010-10-13 00:00:00+00:00,19.403907775878906,28.1200008392334,28.450000762939453,28.030000686645508,28.350000381469727,20238400
2010-10-14 00:00:00+00:00,19.535022735595703,28.309999465942383,28.540000915527344,27.93000030517578,28.170000076293945,13072100
2010-10-15 00:00:00+00:00,19.81793975830078,28.719999313354492,28.809999465942383,28.229999542236328,28.489999771118164,13427500
2010-10-18 00:00:00+00:00,19.569520950317383,28.360000610351562,28.709999084472656,28.040000915527344,28.639999389648438,11535100
2010-10-19 00:00:00+00:00,19.341808319091797,28.030000686645508,28.520000457763672,27.530000686645508,27.950000762939453,13135700
2010-10-20 00:00:00+00:00,19.383214950561523,28.09000015258789,28.239999771118164,27.770000457763672,28.229999542236328,14047900
2010-10-21 00:00:00+00:00,19.472915649414062,28.219999313354492,28.309999465942383,27.920000076293945,28.25,10824000
2010-10-22 00:00:00+00:00,19.776535034179688,28.65999984741211,28.709999084472656,28.170000076293945,28.209999084472656,9318700
2010-10-25 00:00:00+00:00,19.997344970703125,28.979999542236328,29.190000534057617,28.81999969482422,28.899999618530273,15464900
2010-10-26 00:00:00+00:00,19.928342819213867,28.8799991607666,28.90999984741211,28.299999237060547,28.709999084472656,17814300
2010-10-27 00:00:00+00:00,20.314769744873047,29.440000534057617,29.479999542236328,28.520000457763672,28.639999389648438,16822600
2010-10-28 00:00:00+00:00,20.266254425048828,29.239999771118164,29.43000030517578,28.989999771118164,29.260000228881836,14399700
2010-10-29 00:00:00+00:00,20.494970321655273,29.56999969482422,29.75,29.049999237060547,29.170000076293945,15745700
2010-11-01 00:00:00+00:00,20.404869079589844,29.440000534057617,29.84000015258789,29.15999984741211,29.770000457763672,12181700
2010-11-02 00:00:00+00:00,20.515762329101562,29.600000381469727,29.899999618530273,29.559999465942383,29.739999771118164,10739400
2010-11-03 00:00:00+00:00,20.793001174926758,30.0,30.0,29.520000457763672,29.68000030517578,13185500
2010-11-04 00:00:00+00:00,21.312824249267578,30.75,30.790000915527344,29.950000762939453,30.06999969482422,15003400
2010-11-05 00:00:00+00:00,21.81186294555664,31.469999313354492,31.469999313354492,30.700000762939453,30.780000686645508,17664000
2010-11-08 00:00:00+00:00,21.749479293823242,31.3799991607666,31.469999313354492,31.15999984741211,31.260000228881836,13242600
2010-11-09 00:00:00+00:00,21.721757888793945,31.34000015258789,31.59000015258789,31.190000534057617,31.5,13105600
2010-11-10 00:00:00+00:00,21.721757888793945,31.34000015258789,31.43000030517578,30.760000228881836,31.329999923706055,11578800
2010-11-11 00:00:00+00:00,21.34748077392578,30.799999237060547,30.93000030517578,29.899999618530273,30.149999618530273,14662700
2010-11-12 00:00:00+00:00,21.45145034790039,30.950000762939453,31.3799991607666,30.56999969482422,30.770000457763672,16420400
2010-11-15 00:00:00+00:00,21.382139205932617,30.850000381469727,31.209999084472656,30.829999923706055,30.969999313354492,8417600
2010-11-16 00:00:00+00:00,21.188068389892578,30.56999969482422,30.850000381469727,30.3700008392334,30.450000762939453,13728300
2010-11-17 00:00:00+00:00,21.423725128173828,30.90999984741211,31.049999237060547,30.34000015258789,30.399999618530273,10932400
2010-11-18 00:00:00+00:00,21.818790435791016,31.479999542236328,31.510000228881836,31.09000015258789,31.190000534057617,13157600
2010-11-19 00:00:00+00:00,22.137617111206055,31.940000534057617,31.950000762939453,31.459999084472656,31.510000228881836,12181200
2010-11-22 00:00:00+00:00,22.345542907714844,32.2400016784668,32.2599983215332,31.719999313354492,31.850000381469727,12183000
2010-11-23 00:00:00+00:00,22.165342330932617,31.979999542236328,32.220001220703125,31.850000381469727,31.90999984741211,11933600
2010-11-24 00:00:00+00:00,22.560405731201172,32.54999923706055,32.560001373291016,32.040000915527344,32.099998474121094,11777700
2010-11-26 00:00:00+00:00,22.317819595336914,32.20000076293945,32.5099983215332,32.20000076293945,32.2599983215332,2946000
2010-11-29 00:00:00+00:00,22.317819595336914,32.20000076293945,32.33000183105469,31.829999923706055,31.829999923706055,9011300
2010-11-30 00:00:00+00:00,22.04058074951172,31.799999237060547,32.0099983215332,31.639999389648438,31.920000076293945,12156400
2010-12-01 00:00:00+00:00,22.58120346069336,32.58000183105469,32.939998626708984,32.349998474121094,32.41999816894531,16463900
2010-12-02 00:00:00+00:00,22.76833152770996,32.849998474121094,32.86000061035156,32.540000915527344,32.58000183105469,10807100
2010-12-03 00:00:00+00:00,22.74754524230957,32.81999969482422,32.97999954223633,32.5099983215332,32.70000076293945,13443800
2010-12-06 00:00:00+00:00,22.837646484375,32.95000076293945,33.0099983215332,32.619998931884766,32.93000030517578,13383300
2010-12-07 00:00:00+00:00,23.156476974487305,33.40999984741211,33.63999938964844,33.13999938964844,33.2400016784668,19578000
2010-12-08 00:00:00+00:00,23.392133712768555,33.75,33.75,33.0099983215332,33.04999923706055,14122100
2010-12-09 00:00:00+00:00,23.38520622253418,33.7400016784668,33.93000030517578,33.56999969482422,33.880001068115234,9768500
2010-12-10 00:00:00+00:00,22.73369026184082,32.79999923706055,33.7400016784668,32.709999084472656,33.650001525878906,15516400
2010-12-13 00:00:00+00:00,22.595067977905273,32.599998474121094,33.0,32.59000015258789,32.90999984741211,10247000
2010-12-14 00:00:00+00:00,22.73369026184082,32.79999923706055,32.86000061035156,32.54999923706055,32.720001220703125,9316700
2010-12-15 00:00:00+00:00,22.622791290283203,32.63999938964844,32.939998626708984,32.5099983215332,32.790000915527344,7849900
2010-12-16 00:00:00+00:00,22.60892677307129,32.619998931884766,32.77000045776367,32.150001525878906,32.66999816894531,11000800
2010-12-17 00:00:00+00:00,22.546550750732422,32.529998779296875,32.9900016784668,32.47999954223633,32.560001373291016,15308500
2010-12-20 00:00:00+00:00,22.407934188842773,32.33000183105469,32.689998626708984,32.209999084472656,32.650001525878906,7542700
2010-12-21 00:00:00+00:00,22.484169006347656,32.439998626708984,32.68000030517578,32.380001068115234,32.52000045776367,4770200
2010-12-22 00:00:00+00:00,22.504961013793945,32.470001220703125,32.540000915527344,32.130001068115234,32.310001373291016,5181000
2010-12-23 00:00:00+00:00,22.428728103637695,32.36000061035156,32.5,32.130001068115234,32.45000076293945,3476100
2010-12-27 00:00:00+00:00,22.442583084106445,32.380001068115234,32.439998626708984,32.0,32.220001220703125,2668500
2010-12-28 00:00:00+00:00,22.345542907714844,32.2400016784668,32.5099983215332,32.06999969482422,32.5099983215332,3209100
2010-12-29 00:00:00+00:00,22.532682418823242,32.5099983215332,32.599998474121094,32.13999938964844,32.36000061035156,3932500
2010-12-30 00:00:00+00:00,22.525754928588867,32.5,32.61000061035156,32.25,32.459999084472656,3715800
2010-12-31 00:00:00+00:00,22.525754928588867,32.5,32.630001068115234,32.33000183105469,32.5,3312700
2011-01-03 00:00:00+00:00,22.685165405273438,32.72999954223633,32.9900016784668,32.31999969482422,32.689998626708984,7092500
2011-01-04 00:00:00+00:00,22.64358139038086,32.66999816894531,32.83000183105469,32.25,32.65999984741211,7914000
2011-01-05 00:00:00+00:00,22.73369026184082,32.79999923706055,32.86000061035156,32.25,32.56999969482422,8129000
2011-01-06 00:00:00+00:00,23.045578002929688,33.25,33.34000015258789,32.72999954223633,32.81999969482422,7386900
2011-01-07 00:00:00+00:00,23.024784088134766,33.220001220703125,33.470001220703125,32.869998931884766,33.31999969482422,7311300
2011-01-10 00:00:00+00:00,23.13568115234375,33.380001068115234,33.5,32.939998626708984,32.9900016784668,7539900
2011-01-11 00:00:00+00:00,23.218860626220703,33.5,33.68000030517578,33.29999923706055,33.45000076293945,7132400
2011-01-12 00:00:00+00:00,23.329753875732422,33.65999984741211,33.790000915527344,33.349998474121094,33.70000076293945,6076400
2011-01-13 00:00:00+00:00,23.204994201660156,33.47999954223633,33.52000045776367,33.04999923706055,33.36000061035156,6322700
2011-01-14 00:00:00+00:00,23.59313201904297,34.040000915527344,34.04999923706055,33.43000030517578,33.56999969482422,9007000
2011-01-18 00:00:00+00:00,24.154539108276367,34.849998474121094,34.86000061035156,33.959999084472656,33.959999084472656,12052600
2011-01-19 00:00:00+00:00,23.67630958557129,34.15999984741211,34.70000076293945,34.06999969482422,34.279998779296875,8340800
2011-01-20 00:00:00+00:00,23.50302505493164,33.90999984741211,34.189998626708984,33.54999923706055,34.029998779296875,8664800
2011-01-21 00:00:00+00:00,23.50302505493164,33.90999984741211,34.4900016784668,33.90999984741211,34.400001525878906,9172000
2011-01-24 00:00:00+00:00,24.015918731689453,34.650001525878906,34.650001525878906,33.869998931884766,34.08000183105469,10857200
2011-01-25 00:00:00+00:00,23.551538467407227,33.97999954223633,34.79999923706055,33.689998626708984,34.29999923706055,13185000
2011-01-26 00:00:00+00:00,23.787195205688477,34.31999969482422,34.40999984741211,33.66999816894531,34.09000015258789,7400100
2011-01-27 00:00:00+00:00,24.093326568603516,34.630001068115234,34.84000015258789,34.04999923706055,34.099998474121094,8342800
2011-01-28 00:00:00+00:00,23.842851638793945,34.27000045776367,34.869998931884766,34.02000045776367,34.58000183105469,10601600
2011-01-31 00:00:00+00:00,23.592391967773438,33.90999984741211,34.27000045776367,33.790000915527344,34.02000045776367,10917600
2011-02-01 00:00:00+00:00,24.350749969482422,35.0,35.0,34.130001068115234,34.189998626708984,11582700
2011-02-02 00:00:00+00:00,24.434226989746094,35.119998931884766,35.290000915527344,34.79999923706055,34.79999923706055,8260800
2011-02-03 00:00:00+00:00,24.343791961669922,34.9900016784668,35.209999084472656,34.70000076293945,35.08000183105469,5733900
2011-02-04 00:00:00+00:00,24.6568660736084,35.439998626708984,35.540000915527344,35.099998474121094,35.150001525878906,7638900
2011-02-07 00:00:00+00:00,24.531627655029297,35.2599983215332,35.84000015258789,35.130001068115234,35.5099983215332,11631600
2011-02-08 00:00:00+00:00,24.545551300048828,35.279998779296875,35.43000030517578,35.04999923706055,35.33000183105469,7368100
2011-02-09 00:00:00+00:00,24.420316696166992,35.099998474121094,35.27000045776367,34.959999084472656,35.08000183105469,7180900
2011-02-10 00:00:00+00:00,24.482940673828125,35.189998626708984,35.2400016784668,34.75,34.900001525878906,8146700
2011-02-11 00:00:00+00:00,24.782094955444336,35.619998931884766,35.79999923706055,35.040000915527344,35.16999816894531,7664900
2011-02-14 00:00:00+00:00,24.928192138671875,35.83000183105469,35.959999084472656,35.470001220703125,35.56999969482422,6127800
2011-02-15 00:00:00+00:00,25.02560806274414,35.970001220703125,36.06999969482422,35.43000030517578,35.709999084472656,9430000
2011-02-16 00:00:00+00:00,25.081254959106445,36.04999923706055,36.29999923706055,35.849998474121094,36.04999923706055,10480600
2011-02-17 00:00:00+00:00,25.380434036254883,36.47999954223633,36.47999954223633,35.900001525878906,35.9900016784668,7274200
2011-02-18 00:00:00+00:00,25.206501007080078,36.22999954223633,36.54999923706055,36.150001525878906,36.40999984741211,8413700
2011-02-22 00:00:00+00:00,24.87254524230957,35.75,36.22999954223633,35.5,35.790000915527344,11659200
2011-02-23 00:00:00+00:00,24.62903594970703,35.400001525878906,35.810001373291016,34.88999938964844,35.810001373291016,10972000
2011-02-24 00:00:00+00:00,24.64991569519043,35.43000030517578,35.810001373291016,34.93000030517578,35.4900016784668,11297100
2011-02-25 00:00:00+00:00,24.782094955444336,35.619998931884766,35.79999923706055,35.400001525878906,35.56999969482422,9369200
2011-02-28 00:00:00+00:00,24.7751407623291,35.61000061035156,35.91999816894531,35.08000183105469,35.79999923706055,13051500
2011-03-01 00:00:00+00:00,24.350749969482422,35.0,35.880001068115234,34.939998626708984,35.810001373291016,11102500
2011-03-02 00:00:00+00:00,25.14388084411621,36.13999938964844,36.54999923706055,35.310001373291016,35.36000061035156,17687100
2011-03-03 00:00:00+00:00,25.43609046936035,36.560001373291016,36.709999084472656,36.119998931884766,36.27000045776367,12224500
2011-03-04 00:00:00+00:00,25.234323501586914,36.27000045776367,36.540000915527344,36.02000045776367,36.529998779296875,10161000
2011-03-07 00:00:00+00:00,24.684688568115234,35.47999954223633,36.59000015258789,35.15999984741211,36.400001525878906,15939500
2011-03-08 00:00:00+00:00,24.949068069458008,35.86000061035156,35.9900016784668,35.25,35.650001525878906,8853200
2011-03-09 00:00:00+00:00,24.169845581054688,34.7400016784668,35.439998626708984,34.43000030517578,35.29999923706055,12583300
2011-03-10 00:00:00+00:00,23.82894515991211,34.25,34.689998626708984,34.029998779296875,34.349998474121094,13036000
2011-03-11 00:00:00+00:00,23.92634391784668,34.38999938964844,34.939998626708984,34.02000045776367,34.06999969482422,13817500
2011-03-14 00:00:00+00:00,24.04462432861328,34.560001373291016,34.7400016784668,34.279998779296875,34.400001525878906,10121300
2011-03-15 00:00:00+00:00,23.58543586730957,33.900001525878906,34.119998931884766,32.75,33.400001525878906,17387700
2011-03-16 00:00:00+00:00,22.813167572021484,32.790000915527344,33.79999923706055,32.33000183105469,33.790000915527344,23147200
2011-03-17 00:00:00+00:00,23.007970809936523,33.06999969482422,33.4900016784668,32.86000061035156,33.130001068115234,12766300
2011-03-18 00:00:00+00:00,23.20973777770996,33.36000061035156,33.59000015258789,33.099998474121094,33.439998626708984,10883300
2011-03-21 00:00:00+00:00,23.4323787689209,33.68000030517578,34.119998931884766,33.40999984741211,33.52000045776367,7150200
2011-03-22 00:00:00+00:00,23.404539108276367,33.63999938964844,33.939998626708984,33.45000076293945,33.779998779296875,5988400
2011-03-23 00:00:00+00:00,23.80110740661621,34.209999084472656,34.27000045776367,33.47999954223633,33.70000076293945,8396900
2011-03-24 00:00:00+00:00,24.25334358215332,34.86000061035156,34.939998626708984,34.22999954223633,34.45000076293945,9211000
2011-03-25 00:00:00+00:00,24.100278854370117,34.63999938964844,34.939998626708984,34.619998931884766,34.7599983215332,4980200
2011-03-28 00:00:00+00:00,23.995914459228516,34.4900016784668,34.95000076293945,34.40999984741211,34.61000061035156,6139600
2011-03-29 00:00:00+00:00,24.322914123535156,34.959999084472656,34.959999084472656,34.0099983215332,34.16999816894531,6827800
2011-03-30 00:00:00+00:00,24.169845581054688,34.7400016784668,35.2400016784668,34.43000030517578,35.09000015258789,9258200
2011-03-31 00:00:00+00:00,24.04462432861328,34.560001373291016,34.86000061035156,34.380001068115234,34.720001220703125,6210400
2011-04-01 00:00:00+00:00,23.81502342224121,34.22999954223633,34.93000030517578,34.119998931884766,34.93000030517578,8913400
2011-04-04 00:00:00+00:00,23.731542587280273,34.11000061035156,34.470001220703125,33.630001068115234,34.34000015258789,10518900
2011-04-05 00:00:00+00:00,24.135055541992188,34.689998626708984,35.08000183105469,33.11000061035156,33.20000076293945,29932700
2011-04-06 00:00:00+00:00,24.25334358215332,34.86000061035156,34.90999984741211,34.33000183105469,34.790000915527344,11919300
2011-04-07 00:00:00+00:00,24.517717361450195,35.2400016784668,35.25,34.560001373291016,34.86000061035156,13601600
2011-04-08 00:00:00+00:00,24.46901512145996,35.16999816894531,35.43000030517578,34.9900016784668,35.279998779296875,9394900
2011-04-11 00:00:00+00:00,24.30203628540039,34.93000030517578,35.36000061035156,34.810001373291016,35.119998931884766,9890800
2011-04-12 00:00:00+00:00,23.75240707397461,34.13999938964844,34.720001220703125,33.93000030517578,34.70000076293945,18326800
2011-04-13 00:00:00+00:00,23.891559600830078,34.34000015258789,34.369998931884766,33.880001068115234,34.220001220703125,11376800
2011-04-14 00:00:00+00:00,24.14898109436035,34.709999084472656,34.79999923706055,33.959999084472656,34.150001525878906,9662400
2011-04-15 00:00:00+00:00,24.343791961669922,34.9900016784668,35.040000915527344,34.4900016784668,34.66999816894531,12136500
2011-04-18 00:00:00+00:00,24.204641342163086,34.790000915527344,35.06999969482422,34.540000915527344,34.66999816894531,17041000
2011-04-19 00:00:00+00:00,24.030702590942383,34.540000915527344,34.91999816894531,34.20000076293945,34.41999816894531,18789800
2011-04-20 00:00:00+00:00,24.441184997558594,35.130001068115234,35.279998779296875,34.77000045776367,34.95000076293945,12237100
2011-04-21 00:00:00+00:00,24.712522506713867,35.52000045776367,35.66999816894531,35.22999954223633,35.25,11094100
2011-04-25 00:00:00+00:00,24.642948150634766,35.41999816894531,35.61000061035156,35.2599983215332,35.52000045776367,5778000
2011-04-26 00:00:00+00:00,24.865589141845703,35.7400016784668,35.779998779296875,35.20000076293945,35.33000183105469,13900000
2011-04-27 00:00:00+00:00,24.976913452148438,35.900001525878906,35.97999954223633,35.33000183105469,35.45000076293945,10311600
2011-04-28 00:00:00+00:00,24.823286056518555,35.54999923706055,35.849998474121094,35.38999938964844,35.75,10224400
2011-04-29 00:00:00+00:00,24.8093204498291,35.529998779296875,35.790000915527344,35.41999816894531,35.47999954223633,5916400
2011-05-02 00:00:00+00:00,24.446224212646484,35.0099983215332,35.65999984741211,34.939998626708984,35.61000061035156,10262200
2011-05-03 00:00:00+00:00,24.299591064453125,34.79999923706055,35.08000183105469,34.5099983215332,35.02000045776367,8558900
2011-05-04 00:00:00+00:00,24.31354522705078,34.81999969482422,35.040000915527344,34.470001220703125,34.779998779296875,8118100
2011-05-05 00:00:00+00:00,24.453203201293945,35.02000045776367,35.560001373291016,34.59000015258789,34.709999084472656,9879900
2011-05-06 00:00:00+00:00,24.599836349487305,35.22999954223633,35.619998931884766,35.150001525878906,35.40999984741211,8870100
2011-05-09 00:00:00+00:00,24.676652908325195,35.34000015258789,35.599998474121094,35.150001525878906,35.189998626708984,7274500
2011-05-10 00:00:00+00:00,24.760440826416016,35.459999084472656,35.630001068115234,35.2400016784668,35.4900016784668,6327000
2011-05-11 00:00:00+00:00,24.369407653808594,34.900001525878906,35.59000015258789,34.7599983215332,35.439998626708984,7755300
2011-05-12 00:00:00+00:00,24.669679641723633,35.33000183105469,35.439998626708984,34.630001068115234,34.81999969482422,7941500
2011-05-13 00:00:00+00:00,24.564929962158203,35.18000030517578,35.56999969482422,35.150001525878906,35.290000915527344,8390400
2011-05-16 00:00:00+00:00,24.37639045715332,34.90999984741211,35.529998779296875,34.84000015258789,35.15999984741211,6690100
2011-05-17 00:00:00+00:00,24.048206329345703,34.439998626708984,34.83000183105469,33.91999816894531,34.83000183105469,10541300
2011-05-18 00:00:00+00:00,24.564929962158203,35.18000030517578,35.27000045776367,34.5,34.5,8255100
2011-05-19 00:00:00+00:00,24.41828727722168,34.970001220703125,35.209999084472656,34.58000183105469,35.20000076293945,6899500
2011-05-20 00:00:00+00:00,24.43924331665039,35.0,35.189998626708984,34.689998626708984,34.88999938964844,7365200
2011-05-23 00:00:00+00:00,23.915544509887695,34.25,34.599998474121094,34.25,34.599998474121094,8218300
2011-05-24 00:00:00+00:00,23.796836853027344,34.08000183105469,34.34000015258789,33.869998931884766,34.33000183105469,8304600
2011-05-25 00:00:00+00:00,23.93648910522461,34.279998779296875,34.5099983215332,33.900001525878906,33.97999954223633,6798600
2011-05-26 00:00:00+00:00,23.96441650390625,34.31999969482422,34.36000061035156,34.0,34.189998626708984,7301400
2011-05-27 00:00:00+00:00,24.24372673034668,34.720001220703125,34.7599983215332,34.439998626708984,34.439998626708984,5142900
2011-05-31 00:00:00+00:00,24.648719787597656,35.29999923706055,35.29999923706055,34.810001373291016,34.810001373291016,8640100
2011-06-01 00:00:00+00:00,23.70606803894043,33.95000076293945,35.15999984741211,33.939998626708984,35.119998931884766,8774200
2011-06-02 00:00:00+00:00,23.908557891845703,34.2400016784668,34.369998931884766,33.900001525878906,34.0099983215332,7588700
2011-06-03 00:00:00+00:00,23.391841888427734,33.5,34.08000183105469,33.470001220703125,33.790000915527344,7389700
2011-06-06 00:00:00+00:00,23.266157150268555,33.31999969482422,33.66999816894531,33.279998779296875,33.5099983215332,7807300
2011-06-07 00:00:00+00:00,23.231245040893555,33.27000045776367,33.68000030517578,33.20000076293945,33.439998626708984,8540200
2011-06-08 00:00:00+00:00,22.812286376953125,32.66999816894531,33.16999816894531,32.58000183105469,33.15999984741211,13622300
2011-06-09 00:00:00+00:00,22.97987174987793,32.90999984741211,33.27000045776367,32.40999984741211,32.77000045776367,13681200
2011-06-10 00:00:00+00:00,22.44919204711914,32.150001525878906,32.810001373291016,31.940000534057617,32.689998626708984,9875600
2011-06-13 00:00:00+00:00,22.162899017333984,31.739999771118164,32.400001525878906,31.68000030517578,32.2599983215332,10270800
2011-06-14 00:00:00+00:00,22.574871063232422,32.33000183105469,32.52000045776367,32.040000915527344,32.08000183105469,8279100
2011-06-15 00:00:00+00:00,22.058156967163086,31.59000015258789,32.20000076293945,31.5,31.829999923706055,11576500
2011-06-16 00:00:00+00:00,21.869630813598633,31.31999969482422,31.719999313354492,31.15999984741211,31.6200008392334,9336700
2011-06-17 00:00:00+00:00,21.81376838684082,31.239999771118164,31.649999618530273,30.959999084472656,31.579999923706055,10739100
2011-06-20 00:00:00+00:00,21.841697692871094,31.280000686645508,31.399999618530273,31.100000381469727,31.110000610351562,9324900
2011-06-21 00:00:00+00:00,22.365392684936523,32.029998779296875,32.119998931884766,31.200000762939453,31.360000610351562,7883600
2011-06-22 00:00:00+00:00,22.162899017333984,31.739999771118164,32.11000061035156,31.739999771118164,31.940000534057617,7014800
2011-06-23 00:00:00+00:00,22.428241729736328,32.119998931884766,32.18000030517578,31.260000228881836,31.389999389648438,12057200
2011-06-24 00:00:00+00:00,22.016265869140625,31.530000686645508,32.11000061035156,31.440000534057617,32.09000015258789,13362400
2011-06-27 00:00:00+00:00,22.162899017333984,31.739999771118164,31.90999984741211,31.209999084472656,31.639999389648438,10247100
2011-06-28 00:00:00+00:00,22.330476760864258,31.979999542236328,31.989999771118164,31.56999969482422,31.81999969482422,9212900
2011-06-29 00:00:00+00:00,22.260652542114258,31.8799991607666,32.099998474121094,31.56999969482422,32.0099983215332,9302900
2011-06-30 00:00:00+00:00,22.924013137817383,32.83000183105469,32.880001068115234,31.950000762939453,31.950000762939453,11609100
2011-07-01 00:00:00+00:00,23.405811309814453,33.52000045776367,33.65999984741211,32.709999084472656,32.9900016784668,9562700
2011-07-05 00:00:00+00:00,22.986846923828125,32.91999816894531,33.5,32.810001373291016,33.400001525878906,9269800
2011-07-06 00:00:00+00:00,22.937971115112305,32.849998474121094,33.189998626708984,32.63999938964844,32.810001373291016,8892100
2011-07-07 00:00:00+00:00,23.363914489746094,33.459999084472656,33.599998474121094,32.93000030517578,33.06999969482422,10338100
2011-07-08 00:00:00+00:00,22.958919525146484,32.880001068115234,33.27000045776367,32.459999084472656,33.0099983215332,8422200
2011-07-11 00:00:00+00:00,22.65167808532715,32.439998626708984,33.0,32.31999969482422,32.54999923706055,7093600
2011-07-12 00:00:00+00:00,21.820755004882812,31.25,31.799999237060547,30.610000610351562,31.329999923706055,26187100
2011-07-13 00:00:00+00:00,21.646188735961914,31.0,31.59000015258789,30.84000015258789,31.5,12708900
2011-07-14 00:00:00+00:00,21.450668334960938,30.719999313354492,31.489999771118164,30.6200008392334,31.15999984741211,11017200
2011-07-15 00:00:00+00:00,21.520492553710938,30.81999969482422,30.969999313354492,30.440000534057617,30.920000076293945,9349800
2011-07-18 00:00:00+00:00,21.2830867767334,30.479999542236328,30.8700008392334,30.170000076293945,30.729999542236328,9592800
2011-07-19 00:00:00+00:00,21.939451217651367,31.420000076293945,31.510000228881836,30.799999237060547,30.889999389648438,11095800
2011-07-20 00:00:00+00:00,21.799795150756836,31.219999313354492,31.6200008392334,31.049999237060547,31.610000610351562,8028600
2011-07-21 00:00:00+00:00,22.072126388549805,31.610000610351562,31.799999237060547,30.760000228881836,31.290000915527344,11624400
2011-07-22 00:00:00+00:00,22.19083023071289,31.780000686645508,31.940000534057617,31.270000457763672,31.299999237060547,9893200
2011-07-25 00:00:00+00:00,21.974367141723633,31.469999313354492,31.68000030517578,31.270000457763672,31.34000015258789,11566300
2011-07-26 00:00:00+00:00,22.044189453125,31.56999969482422,32.02000045776367,31.469999313354492,31.5,11919400
2011-07-27 00:00:00+00:00,21.220245361328125,30.389999389648438,31.190000534057617,30.25,31.190000534057617,13121000
2011-07-28 00:00:00+00:00,21.122066497802734,30.1200008392334,30.700000762939453,30.110000610351562,30.34000015258789,9898800
2011-07-29 00:00:00+00:00,20.862598419189453,29.75,30.170000076293945,29.68000030517578,29.81999969482422,13036900
2011-08-01 00:00:00+00:00,20.96077537536621,29.889999389648438,30.139999389648438,29.3700008392334,29.979999542236328,13751200
2011-08-02 00:00:00+00:00,20.40677833557129,29.100000381469727,29.770000457763672,29.100000381469727,29.43000030517578,13498600
2011-08-03 00:00:00+00:00,20.547029495239258,29.299999237060547,29.420000076293945,28.6200008392334,28.950000762939453,13077500
2011-08-04 00:00:00+00:00,19.579288482666016,27.920000076293945,29.09000015258789,27.920000076293945,28.81999969482422,17343200
2011-08-05 00:00:00+00:00,19.06736183166504,27.190000534057617,28.389999389648438,26.489999771118164,28.15999984741211,31502600
2011-08-08 00:00:00+00:00,18.36610221862793,26.190000534057617,26.979999542236328,25.959999084472656,26.360000610351562,25663400
2011-08-09 00:00:00+00:00,18.997236251831055,27.09000015258789,27.139999389648438,25.459999084472656,26.520000457763672,23017700
2011-08-10 00:00:00+00:00,18.583494186401367,26.5,27.190000534057617,25.979999542236328,26.540000915527344,28457800
2011-08-11 00:00:00+00:00,19.144500732421875,27.299999237060547,27.610000610351562,26.389999389648438,26.610000610351562,20370500
2011-08-12 00:00:00+00:00,19.060346603393555,27.18000030517578,27.799999237060547,27.06999969482422,27.780000686645508,11555500
2011-08-15 00:00:00+00:00,19.277746200561523,27.489999771118164,27.579999923706055,27.190000534057617,27.34000015258789,7839100
2011-08-16 00:00:00+00:00,18.885025024414062,26.93000030517578,27.270000457763672,26.690000534057617,27.170000076293945,10995500
2011-08-17 00:00:00+00:00,18.885025024414062,26.93000030517578,27.5,26.559999465942383,26.700000762939453,9162100
2011-08-18 00:00:00+00:00,17.805078506469727,25.389999389648438,26.219999313354492,25.190000534057617,26.049999237060547,18962600
2011-08-19 00:00:00+00:00,17.405378341674805,24.81999969482422,25.799999237060547,24.790000915527344,25.15999984741211,14538600
2011-08-22 00:00:00+00:00,17.643796920776367,25.15999984741211,25.559999465942383,25.06999969482422,25.299999237060547,9588100
2011-08-23 00:00:00+00:00,18.401165008544922,26.239999771118164,26.239999771118164,25.0,25.309999465942383,13844400
2011-08-24 00:00:00+00:00,18.309999465942383,26.110000610351562,26.299999237060547,25.780000686645508,26.229999542236328,11949500
2011-08-25 00:00:00+00:00,17.748985290527344,25.309999465942383,26.15999984741211,25.280000686645508,26.079999923706055,12546000
2011-08-26 00:00:00+00:00,17.896249771118164,25.520000457763672,25.729999542236328,24.690000534057617,25.170000076293945,15462500
2011-08-29 00:00:00+00:00,18.345064163208008,26.15999984741211,26.170000076293945,25.690000534057617,25.780000686645508,9048600
2011-08-30 00:00:00+00:00,18.373111724853516,26.200000762939453,26.329999923706055,25.729999542236328,26.100000381469727,7300000
2011-08-31 00:00:00+00:00,18.3801212310791,26.209999084472656,26.610000610351562,26.010000228881836,26.309999465942383,9876300
2011-09-01 00:00:00+00:00,17.931320190429688,25.56999969482422,26.329999923706055,25.549999237060547,26.229999542236328,15109700
2011-09-02 00:00:00+00:00,17.587692260742188,25.079999923706055,25.350000381469727,25.010000228881836,25.190000534057617,8404900
2011-09-06 00:00:00+00:00,17.46848487854004,24.90999984741211,24.959999084472656,24.34000015258789,24.350000381469727,11354200
2011-09-07 00:00:00+00:00,18.15572166442871,25.889999389648438,25.989999771118164,25.459999084472656,25.459999084472656,12871000
2011-09-08 00:00:00+00:00,18.092607498168945,25.799999237060547,26.40999984741211,25.649999618530273,25.68000030517578,13739700
2011-09-09 00:00:00+00:00,18.288965225219727,26.079999923706055,26.489999771118164,25.489999771118164,25.489999771118164,23446100
2011-09-12 00:00:00+00:00,18.429214477539062,26.280000686645508,26.5,25.600000381469727,25.899999618530273,16605700
2011-09-13 00:00:00+00:00,18.688684463500977,26.649999618530273,26.729999542236328,26.290000915527344,26.350000381469727,12052700
2011-09-14 00:00:00+00:00,19.12346076965332,27.270000457763672,27.6200008392334,26.719999313354492,26.780000686645508,18588600
2011-09-15 00:00:00+00:00,19.432022094726562,27.709999084472656,27.829999923706055,27.399999618530273,27.719999313354492,14892000
2011-09-16 00:00:00+00:00,19.50916290283203,27.81999969482422,28.15999984741211,27.649999618530273,28.0,12759400
2011-09-19 00:00:00+00:00,19.425012588500977,27.700000762939453,27.809999465942383,27.350000381469727,27.639999389648438,11942000
2011-09-20 00:00:00+00:00,19.31281280517578,27.540000915527344,28.239999771118164,27.43000030517578,27.84000015258789,11149200
2011-09-21 00:00:00+00:00,18.849966049194336,26.8799991607666,27.90999984741211,26.850000381469727,27.6200008392334,12155600
2011-09-22 00:00:00+00:00,18.394149780273438,26.229999542236328,26.520000457763672,25.780000686645508,26.139999389648438,14769700
2011-09-23 00:00:00+00:00,19.088401794433594,27.219999313354492,27.25,26.15999984741211,26.350000381469727,17627300
2011-09-26 00:00:00+00:00,19.214630126953125,27.399999618530273,27.440000534057617,26.6299991607666,27.309999465942383,15797300
2011-09-27 00:00:00+00:00,19.65642547607422,28.030000686645508,28.34000015258789,27.739999771118164,28.020000457763672,13922300
2011-09-28 00:00:00+00:00,19.165542602539062,27.329999923706055,28.149999618530273,27.299999237060547,28.139999389648438,13501300
2011-09-29 00:00:00+00:00,19.06736183166504,27.190000534057617,27.969999313354492,26.75,27.75,10490600
2011-09-30 00:00:00+00:00,18.688684463500977,26.649999618530273,27.31999969482422,26.639999389648438,26.889999389648438,11801600
2011-10-03 00:00:00+00:00,18.555437088012695,26.459999084472656,27.290000915527344,26.399999618530273,26.889999389648438,20014800
2011-10-04 00:00:00+00:00,19.10943603515625,27.25,27.290000915527344,26.079999923706055,26.15999984741211,19500000
2011-10-05 00:00:00+00:00,19.77564239501953,28.200000762939453,28.239999771118164,27.010000228881836,27.309999465942383,14356900
2011-10-06 00:00:00+00:00,19.85979652404785,28.31999969482422,28.3700008392334,27.719999313354492,27.81999969482422,17399400
2011-10-07 00:00:00+00:00,20.30158805847168,28.950000762939453,29.200000762939453,28.209999084472656,28.479999542236328,17818200
2011-10-10 00:00:00+00:00,20.90467643737793,29.809999465942383,30.149999618530273,29.260000228881836,29.309999465942383,15206000
2011-10-11 00:00:00+00:00,20.77143669128418,29.6200008392334,29.899999618530273,29.440000534057617,29.579999923706055,9499200
2011-10-12 00:00:00+00:00,20.82753562927246,29.700000762939453,30.229999542236328,29.690000534057617,29.8799991607666,11651200
2011-10-13 00:00:00+00:00,21.318422317504883,30.399999618530273,30.6299991607666,29.389999389648438,29.40999984741211,14573200
2011-10-14 00:00:00+00:00,21.690088272094727,30.93000030517578,30.979999542236328,30.350000381469727,30.59000015258789,16026000
2011-10-17 00:00:00+00:00,21.18517303466797,30.209999084472656,30.889999389648438,30.110000610351562,30.739999771118164,12213500
2011-10-18 00:00:00+00:00,21.66203498840332,30.889999389648438,31.0,29.920000076293945,30.420000076293945,12008100
2011-10-19 00:00:00+00:00,21.213228225708008,30.25,30.860000610351562,30.200000762939453,30.5,11689900
2011-10-20 00:00:00+00:00,21.002851486206055,29.950000762939453,30.350000381469727,29.420000076293945,30.270000457763672,13876900
2011-10-21 00:00:00+00:00,21.360488891601562,30.459999084472656,31.25,30.15999984741211,30.299999237060547,14435800
2011-10-24 00:00:00+00:00,22.22304916381836,31.690000534057617,31.709999084472656,30.6299991607666,30.6299991607666,15743800
2011-10-25 00:00:00+00:00,21.718141555786133,30.969999313354492,31.65999984741211,30.81999969482422,31.049999237060547,21694200
2011-10-26 00:00:00+00:00,21.739181518554688,31.0,31.309999465942383,30.3799991607666,31.290000915527344,14127800
2011-10-27 00:00:00+00:00,22.437259674072266,31.81999969482422,32.0,31.309999465942383,31.739999771118164,12756600
2011-10-28 00:00:00+00:00,22.211612701416016,31.5,31.8799991607666,31.15999984741211,31.670000076293945,9854200
2011-10-31 00:00:00+00:00,21.66866111755371,30.729999542236328,31.280000686645508,30.709999084472656,31.100000381469727,8254300
2011-11-01 00:00:00+00:00,21.05520248413086,29.860000610351562,30.260000228881836,29.639999389648438,29.850000381469727,12316000
2011-11-02 00:00:00+00:00,21.19622802734375,30.059999465942383,30.3700008392334,29.8700008392334,30.299999237060547,7825700
2011-11-03 00:00:00+00:00,21.94367027282715,31.1200008392334,31.18000030517578,30.059999465942383,30.479999542236328,12362900
2011-11-04 00:00:00+00:00,22.416109085083008,31.790000915527344,31.950000762939453,30.8700008392334,30.899999618530273,18602100
2011-11-07 00:00:00+00:00,22.232772827148438,31.530000686645508,31.760000228881836,31.1200008392334,31.670000076293945,7031900
2011-11-08 00:00:00+00:00,22.246877670288086,31.549999237060547,31.93000030517578,31.15999984741211,31.719999313354492,11850200
2011-11-09 00:00:00+00:00,21.372512817382812,30.309999465942383,31.0,30.260000228881836,30.850000381469727,10254000
2011-11-10 00:00:00+00:00,21.584049224853516,30.610000610351562,30.90999984741211,30.170000076293945,30.540000915527344,8994100
2011-11-11 00:00:00+00:00,22.211612701416016,31.5,31.68000030517578,30.950000762939453,30.989999771118164,7419400
2011-11-14 00:00:00+00:00,21.97187042236328,31.15999984741211,31.719999313354492,31.010000228881836,31.350000381469727,9040400
2011-11-15 00:00:00+00:00,21.964820861816406,31.149999618530273,31.510000228881836,30.979999542236328,31.049999237060547,10368600
2011-11-16 00:00:00+00:00,22.183412551879883,31.459999084472656,32.09000015258789,30.799999237060547,30.8799991607666,22256700
2011-11-17 00:00:00+00:00,21.42892074584961,30.389999389648438,31.489999771118164,30.110000610351562,31.270000457763672,13049200
2011-11-18 00:00:00+00:00,21.189176559448242,30.049999237060547,30.56999969482422,30.030000686645508,30.440000534057617,12282400
2011-11-21 00:00:00+00:00,20.603912353515625,29.219999313354492,29.850000381469727,28.940000534057617,29.770000457763672,10792100
2011-11-22 00:00:00+00:00,20.230199813842773,28.690000534057617,29.239999771118164,28.479999542236328,29.219999313354492,16233300
2011-11-23 00:00:00+00:00,19.701353073120117,27.940000534057617,28.459999084472656,27.90999984741211,28.440000534057617,10462000
2011-11-25 00:00:00+00:00,19.5955810546875,27.790000915527344,28.209999084472656,27.790000915527344,28.100000381469727,3502700
2011-11-28 00:00:00+00:00,20.237247467041016,28.700000762939453,29.100000381469727,28.40999984741211,28.649999618530273,9861100
2011-11-29 00:00:00+00:00,20.194942474365234,28.639999389648438,29.25,28.610000610351562,28.84000015258789,7822100
2011-11-30 00:00:00+00:00,21.22443199157715,30.100000381469727,30.139999389648438,29.290000915527344,29.3799991607666,13023400
2011-12-01 00:00:00+00:00,21.3019962310791,30.209999084472656,30.389999389648438,29.8799991607666,29.889999389648438,10578900
2011-12-02 00:00:00+00:00,21.132766723632812,29.969999313354492,30.530000686645508,29.920000076293945,30.389999389648438,7346600
2011-12-05 00:00:00+00:00,21.316097259521484,30.229999542236328,30.670000076293945,30.049999237060547,30.31999969482422,8738100
2011-12-06 00:00:00+00:00,21.450075149536133,30.420000076293945,30.540000915527344,30.100000381469727,30.420000076293945,8930700
2011-12-07 00:00:00+00:00,21.626361846923828,30.670000076293945,30.940000534057617,30.0,30.280000686645508,12100000
2011-12-08 00:00:00+00:00,21.097511291503906,29.920000076293945,31.030000686645508,29.829999923706055,30.469999313354492,11444800
2011-12-09 00:00:00+00:00,21.11161231994629,29.940000534057617,30.020000457763672,28.5,28.5,25529300
2011-12-12 00:00:00+00:00,20.54045867919922,29.1299991607666,29.6299991607666,28.860000610351562,29.540000915527344,13771600
2011-12-13 00:00:00+00:00,20.032760620117188,28.40999984741211,29.5,28.31999969482422,29.350000381469727,10965400
2011-12-14 00:00:00+00:00,19.77186393737793,28.040000915527344,28.729999542236328,27.940000534057617,28.329999923706055,9297600
2011-12-15 00:00:00+00:00,20.103275299072266,28.510000228881836,28.579999923706055,28.200000762939453,28.260000228881836,10480000
2011-12-16 00:00:00+00:00,20.230199813842773,28.690000534057617,29.100000381469727,28.510000228881836,28.940000534057617,12977200
2011-12-19 00:00:00+00:00,19.70840072631836,27.950000762939453,28.780000686645508,27.899999618530273,28.770000457763672,7476100
2011-12-20 00:00:00+00:00,20.72378921508789,29.389999389648438,29.489999771118164,28.350000381469727,28.350000381469727,14606400
2011-12-21 00:00:00+00:00,20.138526916503906,28.559999465942383,29.43000030517578,28.350000381469727,29.270000457763672,12816000
2011-12-22 00:00:00+00:00,20.80135726928711,29.5,29.600000381469727,28.65999984741211,28.670000076293945,8592600
2011-12-23 00:00:00+00:00,20.963531494140625,29.729999542236328,29.790000915527344,29.360000610351562,29.719999313354492,3896300
2011-12-27 00:00:00+00:00,20.893024444580078,29.6299991607666,29.799999237060547,29.420000076293945,29.540000915527344,3630400
2011-12-28 00:00:00+00:00,20.49814796447754,29.06999969482422,29.6299991607666,29.040000915527344,29.6200008392334,3759300
2011-12-29 00:00:00+00:00,20.68853759765625,29.34000015258789,29.360000610351562,28.979999542236328,29.110000610351562,3496800
2011-12-30 00:00:00+00:00,20.526350021362305,29.110000610351562,29.440000534057617,29.100000381469727,29.270000457763672,3809800
2012-01-03 00:00:00+00:00,20.984689712524414,29.760000228881836,29.940000534057617,29.5,29.600000381469727,7226200
2012-01-04 00:00:00+00:00,20.8507137298584,29.56999969482422,29.75,29.239999771118164,29.540000915527344,5837400
2012-01-05 00:00:00+00:00,20.99879264831543,29.780000686645508,29.899999618530273,29.440000534057617,29.440000534057617,6568700
2012-01-06 00:00:00+00:00,20.99879264831543,29.780000686645508,29.780000686645508,29.459999084472656,29.610000610351562,6052800
2012-01-09 00:00:00+00:00,21.266742706298828,30.15999984741211,30.270000457763672,29.700000762939453,29.719999313354492,8040700
2012-01-10 00:00:00+00:00,21.626361846923828,30.670000076293945,30.690000534057617,30.059999465942383,30.25,10151400
2012-01-11 00:00:00+00:00,21.66866111755371,30.729999542236328,30.780000686645508,30.290000915527344,30.520000457763672,6446000
2012-01-12 00:00:00+00:00,22.119945526123047,31.3700008392334,31.440000534057617,30.639999389648438,30.790000915527344,8783200
2012-01-13 00:00:00+00:00,21.82379722595215,30.950000762939453,31.360000610351562,30.809999465942383,31.110000610351562,8155900
2012-01-17 00:00:00+00:00,21.908411026000977,31.06999969482422,31.3799991607666,31.0,31.34000015258789,5753900
2012-01-18 00:00:00+00:00,23.777006149291992,33.720001220703125,33.83000183105469,31.959999084472656,31.969999313354492,27363300
2012-01-19 00:00:00+00:00,23.847518920898438,33.81999969482422,34.099998474121094,33.310001373291016,33.439998626708984,14179800
2012-01-20 00:00:00+00:00,23.72059440612793,33.63999938964844,33.7400016784668,33.2599983215332,33.59000015258789,11312300
2012-01-23 00:00:00+00:00,23.40328598022461,33.189998626708984,33.79999923706055,33.0099983215332,33.38999938964844,14837600
2012-01-24 00:00:00+00:00,22.930849075317383,32.52000045776367,33.47999954223633,32.459999084472656,33.34000015258789,20920600
2012-01-25 00:00:00+00:00,23.12828254699707,32.79999923706055,32.900001525878906,32.0,32.560001373291016,17599800
2012-01-26 00:00:00+00:00,22.818029403686523,32.36000061035156,33.22999954223633,32.2400016784668,32.869998931884766,12689000
2012-01-27 00:00:00+00:00,23.11574935913086,32.61000061035156,32.83000183105469,31.950000762939453,31.979999542236328,8431400
2012-01-30 00:00:00+00:00,22.810937881469727,32.18000030517578,32.290000915527344,32.0,32.18000030517578,9225100
2012-01-31 00:00:00+00:00,22.952709197998047,32.380001068115234,32.470001220703125,32.0,32.400001525878906,12000000
2012-02-01 00:00:00+00:00,23.29296112060547,32.86000061035156,33.189998626708984,32.45000076293945,32.790000915527344,11813400
2012-02-02 00:00:00+00:00,23.434734344482422,33.060001373291016,33.20000076293945,32.84000015258789,32.849998474121094,9876300
2012-02-03 00:00:00+00:00,24.051435470581055,33.93000030517578,34.09000015258789,33.25,33.34000015258789,14258500
2012-02-06 00:00:00+00:00,23.82459831237793,33.61000061035156,33.779998779296875,33.29999923706055,33.7400016784668,8693800
2012-02-07 00:00:00+00:00,23.69700813293457,33.43000030517578,33.619998931884766,33.06999969482422,33.36000061035156,9965500
2012-02-08 00:00:00+00:00,23.994733810424805,33.849998474121094,34.060001373291016,33.40999984741211,33.43000030517578,8367800
2012-02-09 00:00:00+00:00,23.95928192138672,33.79999923706055,33.9900016784668,33.68000030517578,33.95000076293945,6474900
2012-02-10 00:00:00+00:00,23.647384643554688,33.36000061035156,33.5099983215332,33.189998626708984,33.400001525878906,5420100
2012-02-13 00:00:00+00:00,23.576499938964844,33.2599983215332,33.77000045776367,32.75,33.5,7301600
2012-02-14 00:00:00+00:00,23.548145294189453,33.220001220703125,33.2400016784668,32.709999084472656,33.09000015258789,7100000
2012-02-15 00:00:00+00:00,23.682828903198242,33.40999984741211,33.540000915527344,33.0099983215332,33.0099983215332,8579500
2012-02-16 00:00:00+00:00,24.037256240844727,33.90999984741211,34.209999084472656,33.29999923706055,33.470001220703125,8888700
2012-02-17 00:00:00+00:00,23.810422897338867,33.59000015258789,34.150001525878906,33.459999084472656,34.08000183105469,7659300
2012-02-21 00:00:00+00:00,23.590675354003906,33.279998779296875,33.630001068115234,33.20000076293945,33.630001068115234,6831500
2012-02-22 00:00:00+00:00,23.363840103149414,32.959999084472656,33.40999984741211,32.900001525878906,33.18000030517578,6498700
2012-02-23 00:00:00+00:00,23.619033813476562,33.31999969482422,33.5,32.540000915527344,32.84000015258789,5775600
2012-02-24 00:00:00+00:00,23.619033813476562,33.31999969482422,33.599998474121094,33.290000915527344,33.47999954223633,3609200
2012-02-27 00:00:00+00:00,23.470178604125977,33.11000061035156,33.400001525878906,32.79999923706055,33.060001373291016,5986000
2012-02-28 00:00:00+00:00,23.902570724487305,33.720001220703125,33.84000015258789,33.13999938964844,33.189998626708984,6378700
2012-02-29 00:00:00+00:00,23.640296936035156,33.349998474121094,33.72999954223633,33.290000915527344,33.72999954223633,7069700
2012-03-01 00:00:00+00:00,23.512699127197266,33.16999816894531,33.560001373291016,33.0,33.4900016784668,6630800
2012-03-02 00:00:00+00:00,23.26460075378418,32.81999969482422,33.349998474121094,32.779998779296875,33.130001068115234,4721800
2012-03-05 00:00:00+00:00,22.818029403686523,32.189998626708984,32.779998779296875,32.119998931884766,32.709999084472656,7860800
2012-03-06 00:00:00+00:00,22.768407821655273,32.119998931884766,32.18000030517578,31.65999984741211,31.860000610351562,8830100
2012-03-07 00:00:00+00:00,23.14409637451172,32.650001525878906,32.7599983215332,32.060001373291016,32.119998931884766,7537300
2012-03-08 00:00:00+00:00,23.108657836914062,32.599998474121094,32.97999954223633,32.560001373291016,32.95000076293945,7189900
2012-03-09 00:00:00+00:00,22.874738693237305,32.27000045776367,32.4900016784668,32.02000045776367,32.20000076293945,12369800
2012-03-12 00:00:00+00:00,22.61954689025879,31.90999984741211,32.439998626708984,31.899999618530273,32.310001373291016,7050900
2012-03-13 00:00:00+00:00,22.888916015625,32.290000915527344,32.29999923706055,31.940000534057617,32.06999969482422,10321000
2012-03-14 00:00:00+00:00,22.6904296875,32.0099983215332,32.63999938964844,31.920000076293945,32.209999084472656,8657900
2012-03-15 00:00:00+00:00,23.23624610900879,32.779998779296875,32.81999969482422,32.040000915527344,32.099998474121094,8428200
2012-03-16 00:00:00+00:00,23.40637969970703,33.02000045776367,33.29999923706055,32.689998626708984,32.779998779296875,11965600
2012-03-19 00:00:00+00:00,23.987638473510742,33.84000015258789,33.93000030517578,32.959999084472656,33.0,10684400
2012-03-20 00:00:00+00:00,23.80333709716797,33.58000183105469,33.709999084472656,33.2599983215332,33.650001525878906,7977800
2012-03-21 00:00:00+00:00,23.82459831237793,33.61000061035156,33.7599983215332,33.22999954223633,33.56999969482422,8250000
2012-03-22 00:00:00+00:00,23.69700813293457,33.43000030517578,33.5099983215332,33.16999816894531,33.310001373291016,5536800
2012-03-23 00:00:00+00:00,23.640296936035156,33.349998474121094,33.560001373291016,33.0099983215332,33.4900016784668,6339900
2012-03-26 00:00:00+00:00,24.09396743774414,33.9900016784668,34.0,33.45000076293945,33.56999969482422,5712600
2012-03-27 00:00:00+00:00,24.008901596069336,33.869998931884766,34.2400016784668,33.869998931884766,34.02000045776367,5476200
2012-03-28 00:00:00+00:00,23.626127243041992,33.33000183105469,33.83000183105469,33.060001373291016,33.72999954223633,6509900
2012-03-29 00:00:00+00:00,23.526880264282227,33.189998626708984,33.349998474121094,32.9900016784668,33.15999984741211,7208600
2012-03-30 00:00:00+00:00,23.82459831237793,33.61000061035156,33.900001525878906,33.2599983215332,33.31999969482422,7785300
2012-04-02 00:00:00+00:00,23.576499938964844,33.2599983215332,33.40999984741211,32.95000076293945,33.13999938964844,7410300
2012-04-03 00:00:00+00:00,23.108657836914062,32.599998474121094,33.20000076293945,32.529998779296875,33.20000076293945,7874900
2012-04-04 00:00:00+00:00,22.796762466430664,32.15999984741211,32.31999969482422,31.899999618530273,32.310001373291016,10254000
2012-04-05 00:00:00+00:00,23.00942039489746,32.459999084472656,32.650001525878906,32.0,32.09000015258789,6112500
2012-04-09 00:00:00+00:00,22.782583236694336,32.13999938964844,32.290000915527344,31.850000381469727,31.950000762939453,5092200
2012-04-10 00:00:00+00:00,22.46359634399414,31.690000534057617,32.380001068115234,31.6200008392334,32.02000045776367,11486600
2012-04-11 00:00:00+00:00,22.67624855041504,31.989999771118164,32.18000030517578,31.90999984741211,31.93000030517578,5891500
2012-04-12 00:00:00+00:00,23.044857025146484,32.5099983215332,32.560001373291016,31.90999984741211,32.0099983215332,5873200
2012-04-13 00:00:00+00:00,22.810937881469727,32.18000030517578,32.79999923706055,32.18000030517578,32.40999984741211,8947700
2012-04-16 00:00:00+00:00,22.82512092590332,32.20000076293945,32.65999984741211,31.799999237060547,32.56999969482422,6878500
2012-04-17 00:00:00+00:00,23.23624610900879,32.779998779296875,32.83000183105469,32.31999969482422,32.31999969482422,6303500
2012-04-18 00:00:00+00:00,23.1937255859375,32.720001220703125,32.88999938964844,32.349998474121094,32.63999938964844,5670800
2012-04-19 00:00:00+00:00,23.137014389038086,32.63999938964844,33.130001068115234,32.369998931884766,32.83000183105469,8923800
2012-04-20 00:00:00+00:00,23.016510009765625,32.470001220703125,33.04999923706055,32.31999969482422,32.9900016784668,48477500
2012-04-23 00:00:00+00:00,22.605375289916992,31.889999389648438,32.2599983215332,31.809999465942383,32.20000076293945,13134900
2012-04-24 00:00:00+00:00,22.229679107666016,31.360000610351562,32.75,31.200000762939453,32.709999084472656,18923700
2012-04-25 00:00:00+00:00,22.662076950073242,31.969999313354492,31.979999542236328,31.3700008392334,31.5,10774100
2012-04-26 00:00:00+00:00,22.768978118896484,31.950000762939453,32.0,31.6200008392334,31.6200008392334,9420400
2012-04-27 00:00:00+00:00,22.925758361816406,32.16999816894531,32.220001220703125,31.850000381469727,32.0,10444000
2012-04-30 00:00:00+00:00,22.761852264404297,31.940000534057617,32.09000015258789,31.850000381469727,32.02000045776367,8635400
2012-05-01 00:00:00+00:00,22.697710037231445,31.850000381469727,32.040000915527344,31.6299991607666,31.639999389648438,8224900
2012-05-02 00:00:00+00:00,22.868743896484375,32.09000015258789,32.150001525878906,31.610000610351562,31.649999618530273,9121700
2012-05-03 00:00:00+00:00,22.36989402770996,31.389999389648438,32.20000076293945,31.3700008392334,32.130001068115234,11499800
2012-05-04 00:00:00+00:00,21.799781799316406,30.59000015258789,31.100000381469727,30.479999542236328,31.010000228881836,11574300
2012-05-07 00:00:00+00:00,21.81403350830078,30.610000610351562,30.93000030517578,30.479999542236328,30.479999542236328,8321900
2012-05-08 00:00:00+00:00,21.828285217285156,30.6299991607666,30.709999084472656,29.940000534057617,30.360000610351562,10458600
2012-05-09 00:00:00+00:00,21.806907653808594,30.600000381469727,30.729999542236328,29.979999542236328,30.309999465942383,12219000
2012-05-10 00:00:00+00:00,21.935182571411133,30.780000686645508,30.8700008392334,30.34000015258789,30.690000534057617,9853800
2012-05-11 00:00:00+00:00,21.906675338745117,30.739999771118164,31.290000915527344,30.65999984741211,30.75,7204600
2012-05-14 00:00:00+00:00,21.828285217285156,30.6299991607666,30.799999237060547,30.270000457763672,30.469999313354492,5845100
2012-05-15 00:00:00+00:00,21.58598518371582,30.290000915527344,30.850000381469727,30.219999313354492,30.639999389648438,5245900
2012-05-16 00:00:00+00:00,21.350818634033203,29.959999084472656,30.559999465942383,29.93000030517578,30.350000381469727,6847600
2012-05-17 00:00:00+00:00,20.916101455688477,29.350000381469727,30.079999923706055,29.280000686645508,30.010000228881836,8167400
2012-05-18 00:00:00+00:00,20.47426414489746,28.729999542236328,29.540000915527344,28.639999389648438,29.5,9441700
2012-05-21 00:00:00+00:00,21.008745193481445,29.479999542236328,29.510000228881836,28.600000381469727,28.829999923706055,7392200
2012-05-22 00:00:00+00:00,20.923229217529297,29.360000610351562,29.510000228881836,29.1299991607666,29.510000228881836,5783200
2012-05-23 00:00:00+00:00,20.76644515991211,29.139999389648438,29.190000534057617,28.59000015258789,29.079999923706055,8100000
2012-05-24 00:00:00+00:00,20.58828353881836,28.889999389648438,29.270000457763672,28.68000030517578,29.18000030517578,8393000
2012-05-25 00:00:00+00:00,20.623920440673828,28.940000534057617,29.139999389648438,28.780000686645508,28.899999618530273,4862100
2012-05-29 00:00:00+00:00,20.923229217529297,29.360000610351562,29.389999389648438,28.989999771118164,29.1299991607666,6523900
2012-05-30 00:00:00+00:00,20.631046295166016,28.950000762939453,29.1299991607666,28.84000015258789,29.020000457763672,5076300
2012-05-31 00:00:00+00:00,20.296100616455078,28.479999542236328,28.8700008392334,28.299999237060547,28.809999465942383,9772300
2012-06-01 00:00:00+00:00,19.241390228271484,27.0,28.139999389648438,26.969999313354492,28.09000015258789,19508700
2012-06-04 00:00:00+00:00,19.305522918701172,27.09000015258789,27.290000915527344,26.770000457763672,27.030000686645508,8815100
2012-06-05 00:00:00+00:00,19.583450317382812,27.479999542236328,27.639999389648438,27.040000915527344,27.040000915527344,10820200
2012-06-06 00:00:00+00:00,20.381616592407227,28.600000381469727,28.6299991607666,27.56999969482422,27.719999313354492,13390200
2012-06-07 00:00:00+00:00,20.11794090270996,28.229999542236328,29.010000228881836,28.110000610351562,28.889999389648438,11843700
2012-06-08 00:00:00+00:00,20.324607849121094,28.520000457763672,28.549999237060547,27.989999771118164,28.06999969482422,6729200
2012-06-11 00:00:00+00:00,19.704607009887695,27.649999618530273,28.799999237060547,27.6200008392334,28.639999389648438,7862600
2012-06-12 00:00:00+00:00,20.125064849853516,28.239999771118164,28.40999984741211,27.719999313354492,27.84000015258789,9531000
2012-06-13 00:00:00+00:00,19.82575225830078,27.81999969482422,28.170000076293945,27.700000762939453,28.079999923706055,10268700
2012-06-14 00:00:00+00:00,19.761621475219727,27.729999542236328,28.020000457763672,27.389999389648438,27.93000030517578,7856900
2012-06-15 00:00:00+00:00,19.854267120361328,27.860000610351562,28.0,27.65999984741211,27.90999984741211,13562600
2012-06-18 00:00:00+00:00,19.968286514282227,28.020000457763672,28.219999313354492,27.649999618530273,27.760000228881836,6562400
2012-06-19 00:00:00+00:00,20.14645004272461,28.270000457763672,28.360000610351562,28.0,28.200000762939453,7403100
2012-06-20 00:00:00+00:00,20.338857650756836,28.540000915527344,28.549999237060547,28.059999465942383,28.3799991607666,7764200
2012-06-21 00:00:00+00:00,19.668973922729492,27.600000381469727,28.610000610351562,27.520000457763672,28.610000610351562,8264100
2012-06-22 00:00:00+00:00,19.98966407775879,28.049999237060547,28.1299991607666,27.56999969482422,27.75,7851600
2012-06-25 00:00:00+00:00,19.227134704589844,26.979999542236328,27.780000686645508,26.940000534057617,27.709999084472656,7081800
2012-06-26 00:00:00+00:00,19.26276969909668,27.030000686645508,27.1200008392334,26.610000610351562,26.979999542236328,7518600
2012-06-27 00:00:00+00:00,19.29127311706543,27.06999969482422,27.329999923706055,26.93000030517578,27.06999969482422,5618900
2012-06-28 00:00:00+00:00,19.148740768432617,26.8700008392334,27.0,26.549999237060547,26.940000534057617,5903200
2012-06-29 00:00:00+00:00,20.44576072692871,28.690000534057617,28.700000762939453,27.389999389648438,27.399999618530273,14743000
2012-07-02 00:00:00+00:00,20.1535701751709,28.280000686645508,28.790000915527344,28.110000610351562,28.690000534057617,6992600
2012-07-03 00:00:00+00:00,20.353113174438477,28.559999465942383,28.559999465942383,28.1299991607666,28.209999084472656,3545100
2012-07-05 00:00:00+00:00,20.2462158203125,28.40999984741211,28.520000457763672,28.09000015258789,28.5,4695400
2012-07-06 00:00:00+00:00,19.754493713378906,27.719999313354492,28.31999969482422,27.3799991607666,28.219999313354492,7054200
2012-07-09 00:00:00+00:00,19.533573150634766,27.40999984741211,27.719999313354492,27.260000228881836,27.670000076293945,6768900
2012-07-10 00:00:00+00:00,19.519319534301758,27.389999389648438,27.790000915527344,27.09000015258789,27.299999237060547,9540200
2012-07-11 00:00:00+00:00,19.455181121826172,27.299999237060547,27.75,27.149999618530273,27.350000381469727,7951600
2012-07-12 00:00:00+00:00,19.056095123291016,26.739999771118164,27.079999923706055,26.56999969482422,27.010000228881836,9661300
2012-07-13 00:00:00+00:00,19.255645751953125,27.020000457763672,27.1200008392334,26.670000076293945,26.739999771118164,7268000
2012-07-16 00:00:00+00:00,18.835180282592773,26.43000030517578,26.719999313354492,26.3700008392334,26.489999771118164,8016200
2012-07-17 00:00:00+00:00,18.949199676513672,26.59000015258789,26.68000030517578,26.059999465942383,26.59000015258789,8203800
2012-07-18 00:00:00+00:00,19.704607009887695,27.649999618530273,27.690000534057617,26.450000762939453,26.59000015258789,8045900
2012-07-19 00:00:00+00:00,19.9825382232666,28.040000915527344,28.149999618530273,27.709999084472656,27.920000076293945,8153800
2012-07-20 00:00:00+00:00,19.419546127319336,27.25,28.020000457763672,27.219999313354492,28.020000457763672,9478300
2012-07-23 00:00:00+00:00,19.11311149597168,26.81999969482422,27.0,26.139999389648438,26.670000076293945,9563900
2012-07-24 00:00:00+00:00,18.934947967529297,26.56999969482422,27.079999923706055,26.209999084472656,26.5,11880600
2012-07-25 00:00:00+00:00,18.97770881652832,26.6299991607666,27.1299991607666,26.3799991607666,26.520000457763672,7618400
2012-07-26 00:00:00+00:00,19.27702522277832,27.049999237060547,27.739999771118164,26.829999923706055,27.1200008392334,8031300
2012-07-27 00:00:00+00:00,19.606910705566406,27.34000015258789,27.489999771118164,26.790000915527344,27.18000030517578,11710000
2012-07-30 00:00:00+00:00,19.513683319091797,27.209999084472656,27.600000381469727,27.010000228881836,27.450000762939453,8000900
2012-07-31 00:00:00+00:00,19.535198211669922,27.239999771118164,27.450000762939453,27.1200008392334,27.219999313354492,10633900
2012-08-01 00:00:00+00:00,19.814878463745117,27.6299991607666,27.799999237060547,27.31999969482422,27.479999542236328,9361300
2012-08-02 00:00:00+00:00,19.54236602783203,27.25,27.84000015258789,27.0,27.3799991607666,9437500
2012-08-03 00:00:00+00:00,20.27386474609375,28.270000457763672,28.3799991607666,27.610000610351562,27.610000610351562,8619800
2012-08-06 00:00:00+00:00,20.252342224121094,28.239999771118164,28.68000030517578,28.18000030517578,28.270000457763672,9780900
2012-08-07 00:00:00+00:00,20.962324142456055,29.229999542236328,29.360000610351562,28.299999237060547,28.31999969482422,14547300
2012-08-08 00:00:00+00:00,21.05555534362793,29.360000610351562,29.399999618530273,29.059999465942383,29.110000610351562,7852100
2012-08-09 00:00:00+00:00,21.18464469909668,29.540000915527344,29.790000915527344,29.229999542236328,29.309999465942383,7914100
2012-08-10 00:00:00+00:00,21.33524513244629,29.75,29.75,29.329999923706055,29.520000457763672,6591100
2012-08-13 00:00:00+00:00,21.18464469909668,29.540000915527344,29.75,29.149999618530273,29.719999313354492,7788500
2012-08-14 00:00:00+00:00,21.14161491394043,29.479999542236328,29.850000381469727,29.350000381469727,29.739999771118164,5899200
2012-08-15 00:00:00+00:00,21.44281768798828,29.899999618530273,29.940000534057617,29.43000030517578,29.540000915527344,7841900
2012-08-16 00:00:00+00:00,21.708168029785156,30.270000457763672,30.3799991607666,29.81999969482422,30.0,9181600
2012-08-17 00:00:00+00:00,21.414134979248047,29.860000610351562,30.3799991607666,29.81999969482422,30.3799991607666,10129100
2012-08-20 00:00:00+00:00,21.177478790283203,29.530000686645508,29.989999771118164,29.469999313354492,29.969999313354492,8885100
2012-08-21 00:00:00+00:00,21.256362915039062,29.639999389648438,29.8700008392334,29.489999771118164,29.639999389648438,8565600
2012-08-22 00:00:00+00:00,21.069902420043945,29.3799991607666,29.739999771118164,29.170000076293945,29.579999923706055,6671400
2012-08-23 00:00:00+00:00,21.02686882019043,29.31999969482422,29.5,29.010000228881836,29.219999313354492,5787400
2012-08-24 00:00:00+00:00,21.19898796081543,29.559999465942383,29.68000030517578,29.1200008392334,29.209999084472656,5739000
2012-08-27 00:00:00+00:00,21.02686882019043,29.31999969482422,29.649999618530273,29.260000228881836,29.600000381469727,6009700
2012-08-28 00:00:00+00:00,20.969497680664062,29.239999771118164,29.559999465942383,29.15999984741211,29.209999084472656,6408900
2012-08-29 00:00:00+00:00,21.084238052368164,29.399999618530273,29.559999465942383,29.149999618530273,29.309999465942383,4183200
2012-08-30 00:00:00+00:00,20.804550170898438,29.010000228881836,29.3799991607666,28.93000030517578,29.170000076293945,6076200
2012-08-31 00:00:00+00:00,20.826065063476562,29.040000915527344,29.3799991607666,28.8799991607666,29.309999465942383,8706300
2012-09-04 00:00:00+00:00,20.646774291992188,28.790000915527344,29.010000228881836,28.5,28.920000076293945,5823000
2012-09-05 00:00:00+00:00,20.453147888183594,28.520000457763672,28.889999389648438,28.469999313354492,28.700000762939453,5841000
2012-09-06 00:00:00+00:00,21.19898796081543,29.559999465942383,29.56999969482422,28.639999389648438,28.690000534057617,8748800
2012-09-07 00:00:00+00:00,20.926467895507812,29.18000030517578,29.34000015258789,29.040000915527344,29.299999237060547,8065300
2012-09-10 00:00:00+00:00,20.56072235107422,28.670000076293945,29.290000915527344,28.639999389648438,29.170000076293945,7912400
2012-09-11 00:00:00+00:00,20.496173858642578,28.579999923706055,28.850000381469727,28.520000457763672,28.610000610351562,8352000
2012-09-12 00:00:00+00:00,20.50335121154785,28.59000015258789,28.809999465942383,28.239999771118164,28.469999313354492,10427700
2012-09-13 00:00:00+00:00,20.732837677001953,28.90999984741211,29.149999618530273,28.329999923706055,28.510000228881836,13060500
2012-09-14 00:00:00+00:00,21.19898796081543,29.559999465942383,29.700000762939453,29.020000457763672,29.049999237060547,10377800
2012-09-17 00:00:00+00:00,20.869102478027344,29.100000381469727,29.709999084472656,28.979999542236328,29.6299991607666,5497900
2012-09-18 00:00:00+00:00,20.55355453491211,28.65999984741211,28.979999542236328,28.579999923706055,28.940000534057617,9955600
2012-09-19 00:00:00+00:00,20.575063705444336,28.690000534057617,28.780000686645508,28.3799991607666,28.68000030517578,11371700
2012-09-20 00:00:00+00:00,20.68980598449707,28.850000381469727,28.90999984741211,28.40999984741211,28.489999771118164,7822900
2012-09-21 00:00:00+00:00,20.79021644592285,28.989999771118164,29.290000915527344,28.959999084472656,28.969999313354492,10882300
2012-09-24 00:00:00+00:00,20.567895889282227,28.68000030517578,28.729999542236328,28.479999542236328,28.639999389648438,6481300
2012-09-25 00:00:00+00:00,19.958316802978516,27.829999923706055,28.950000762939453,27.780000686645508,28.799999237060547,10702200
2012-09-26 00:00:00+00:00,19.771854400634766,27.56999969482422,27.579999923706055,26.940000534057617,27.459999084472656,16989600
2012-09-27 00:00:00+00:00,19.994178771972656,27.8799991607666,27.950000762939453,27.43000030517578,27.719999313354492,9243300
2012-09-28 00:00:00+00:00,19.764680862426758,27.559999465942383,27.81999969482422,27.399999618530273,27.719999313354492,9304500
2012-10-01 00:00:00+00:00,19.800540924072266,27.610000610351562,27.809999465942383,27.469999313354492,27.549999237060547,9697700
2012-10-02 00:00:00+00:00,19.800540924072266,27.610000610351562,27.799999237060547,27.510000228881836,27.75,8798800
2012-10-03 00:00:00+00:00,19.700136184692383,27.469999313354492,27.700000762939453,27.350000381469727,27.350000381469727,8758500
2012-10-04 00:00:00+00:00,20.01568603515625,27.90999984741211,27.90999984741211,27.43000030517578,27.59000015258789,5766000
2012-10-05 00:00:00+00:00,20.194978713989258,28.15999984741211,28.530000686645508,27.979999542236328,28.059999465942383,10466600
2012-10-08 00:00:00+00:00,20.073060989379883,27.989999771118164,28.229999542236328,27.780000686645508,27.940000534057617,6772400
2012-10-09 00:00:00+00:00,19.592567443847656,27.31999969482422,27.989999771118164,27.270000457763672,27.950000762939453,9783500
2012-10-10 00:00:00+00:00,19.484994888305664,27.170000076293945,27.440000534057617,27.059999465942383,27.389999389648438,9056700
2012-10-11 00:00:00+00:00,19.578224182128906,27.299999237060547,27.530000686645508,27.0,27.149999618530273,9962000
2012-10-12 00:00:00+00:00,19.563880920410156,27.280000686645508,27.530000686645508,27.059999465942383,27.280000686645508,7583200
2012-10-15 00:00:00+00:00,20.238000869750977,28.219999313354492,28.610000610351562,27.729999542236328,27.790000915527344,13724900
2012-10-16 00:00:00+00:00,20.6037540435791,28.729999542236328,28.780000686645508,28.25,28.31999969482422,8000600
2012-10-17 00:00:00+00:00,20.41728973388672,28.469999313354492,28.739999771118164,28.1200008392334,28.190000534057617,8143700
2012-10-18 00:00:00+00:00,20.62525749206543,28.760000228881836,28.860000610351562,28.31999969482422,28.459999084472656,10508200
2012-10-19 00:00:00+00:00,19.943973541259766,27.809999465942383,28.770000457763672,27.739999771118164,28.760000228881836,11642400
2012-10-22 00:00:00+00:00,19.929636001586914,27.790000915527344,28.239999771118164,27.6299991607666,27.690000534057617,9642500
2012-10-23 00:00:00+00:00,19.965484619140625,27.84000015258789,27.979999542236328,27.209999084472656,27.34000015258789,13114500
2012-10-24 00:00:00+00:00,19.865087509155273,27.700000762939453,27.979999542236328,27.420000076293945,27.90999984741211,8930500
2012-10-25 00:00:00+00:00,20.173460006713867,28.1299991607666,28.200000762939453,27.8700008392334,28.0,9339800
2012-10-26 00:00:00+00:00,20.74001121520996,28.920000076293945,28.920000076293945,28.059999465942383,28.09000015258789,13015600
2012-10-31 00:00:00+00:00,20.292123794555664,28.09000015258789,28.899999618530273,28.059999465942383,28.899999618530273,9626600
2012-11-01 00:00:00+00:00,21.10120391845703,29.209999084472656,29.229999542236328,28.170000076293945,28.299999237060547,9974900
2012-11-02 00:00:00+00:00,20.6099796295166,28.530000686645508,29.299999237060547,28.479999542236328,29.270000457763672,9845000
2012-11-05 00:00:00+00:00,21.289030075073242,29.469999313354492,29.510000228881836,28.459999084472656,28.65999984741211,10014100
2012-11-06 00:00:00+00:00,21.628557205200195,29.940000534057617,30.020000457763672,29.389999389648438,29.489999771118164,13155400
2012-11-07 00:00:00+00:00,21.15900230407715,29.290000915527344,29.729999542236328,28.969999313354492,29.6200008392334,10179200
2012-11-08 00:00:00+00:00,21.050634384155273,29.139999389648438,29.5,29.1200008392334,29.260000228881836,8314200
2012-11-09 00:00:00+00:00,21.317922592163086,29.510000228881836,29.899999618530273,29.0,29.1299991607666,11330700
2012-11-12 00:00:00+00:00,21.317922592163086,29.510000228881836,29.690000534057617,29.34000015258789,29.559999465942383,7221300
2012-11-13 00:00:00+00:00,21.224008560180664,29.3799991607666,29.739999771118164,29.290000915527344,29.309999465942383,9544100
2012-11-14 00:00:00+00:00,20.776124954223633,28.760000228881836,29.639999389648438,28.700000762939453,29.43000030517578,10029300
2012-11-15 00:00:00+00:00,20.79779815673828,28.790000915527344,29.079999923706055,28.649999618530273,28.75,9833900
2012-11-16 00:00:00+00:00,20.458274841308594,28.31999969482422,28.950000762939453,28.049999237060547,28.81999969482422,12828700
2012-11-19 00:00:00+00:00,20.87725830078125,28.899999618530273,28.940000534057617,28.450000762939453,28.700000762939453,8284500
2012-11-20 00:00:00+00:00,21.173444747924805,29.309999465942383,29.309999465942383,28.600000381469727,28.760000228881836,9087400
2012-11-21 00:00:00+00:00,21.093978881835938,29.200000762939453,29.420000076293945,29.059999465942383,29.299999237060547,5355700
2012-11-23 00:00:00+00:00,21.37571907043457,29.59000015258789,29.84000015258789,29.170000076293945,29.440000534057617,4249900
2012-11-26 00:00:00+00:00,21.404613494873047,29.6299991607666,29.780000686645508,29.290000915527344,29.520000457763672,6133500
2012-11-27 00:00:00+00:00,21.281808853149414,29.459999084472656,29.780000686645508,29.399999618530273,29.639999389648438,6345500
2012-11-28 00:00:00+00:00,21.51297950744629,29.780000686645508,29.829999923706055,29.049999237060547,29.34000015258789,8315700
2012-11-29 00:00:00+00:00,21.70802116394043,30.049999237060547,30.100000381469727,29.649999618530273,29.799999237060547,8044900
2012-11-30 00:00:00+00:00,21.289030075073242,29.469999313354492,30.200000762939453,29.440000534057617,30.059999465942383,11689200
2012-12-03 00:00:00+00:00,21.390169143676758,29.610000610351562,29.850000381469727,29.559999465942383,29.760000228881836,5748000
2012-12-04 00:00:00+00:00,21.390169143676758,29.610000610351562,29.790000915527344,29.389999389648438,29.639999389648438,8286300
2012-12-05 00:00:00+00:00,21.570764541625977,29.860000610351562,29.940000534057617,29.479999542236328,29.579999923706055,5798000
2012-12-06 00:00:00+00:00,21.53464698791504,29.809999465942383,30.059999465942383,29.639999389648438,29.81999969482422,5625300
2012-12-07 00:00:00+00:00,21.563539505004883,29.850000381469727,29.889999389648438,29.520000457763672,29.8799991607666,5019100
2012-12-10 00:00:00+00:00,21.541872024536133,29.81999969482422,29.950000762939453,29.709999084472656,29.81999969482422,7256800
2012-12-11 00:00:00+00:00,22.401517868041992,31.010000228881836,31.139999389648438,29.899999618530273,29.950000762939453,16770100
2012-12-12 00:00:00+00:00,22.43764305114746,31.059999465942383,31.270000457763672,30.709999084472656,31.06999969482422,11707000
2012-12-13 00:00:00+00:00,22.090890884399414,30.579999923706055,31.25,30.440000534057617,30.920000076293945,7443500
2012-12-14 00:00:00+00:00,22.24982261657715,30.799999237060547,31.100000381469727,30.360000610351562,30.450000762939453,9093300
2012-12-17 00:00:00+00:00,22.329282760620117,30.90999984741211,30.989999771118164,30.440000534057617,30.479999542236328,7374000
2012-12-18 00:00:00+00:00,22.639911651611328,31.34000015258789,31.549999237060547,30.8700008392334,31.0,9266200
2012-12-19 00:00:00+00:00,22.57489776611328,31.25,31.809999465942383,31.25,31.350000381469727,8054800
2012-12-20 00:00:00+00:00,22.596572875976562,31.280000686645508,31.360000610351562,30.969999313354492,31.25,6978900
2012-12-21 00:00:00+00:00,22.343727111816406,30.93000030517578,31.079999923706055,30.399999618530273,30.93000030517578,13373000
2012-12-24 00:00:00+00:00,22.343727111816406,30.93000030517578,30.950000762939453,30.65999984741211,30.81999969482422,1978900
2012-12-26 00:00:00+00:00,22.257041931152344,30.809999465942383,31.15999984741211,30.75,30.90999984741211,4503700
2012-12-27 00:00:00+00:00,22.206470489501953,30.739999771118164,30.93000030517578,30.440000534057617,30.739999771118164,6179000
2012-12-28 00:00:00+00:00,22.011423110961914,30.469999313354492,30.889999389648438,30.440000534057617,30.549999237060547,4822300
2012-12-31 00:00:00+00:00,22.314834594726562,30.889999389648438,30.989999771118164,30.299999237060547,30.479999542236328,7153000
2013-01-02 00:00:00+00:00,23.340633392333984,32.310001373291016,32.40999984741211,31.489999771118164,31.549999237060547,13357500
2013-01-03 00:00:00+00:00,23.037221908569336,31.889999389648438,32.279998779296875,31.780000686645508,32.150001525878906,8832500
2013-01-04 00:00:00+00:00,22.986663818359375,31.81999969482422,32.18000030517578,31.75,32.0,7606600
2013-01-07 00:00:00+00:00,23.058902740478516,31.920000076293945,32.189998626708984,31.770000457763672,31.770000457763672,7392900
2013-01-08 00:00:00+00:00,22.79161834716797,31.549999237060547,32.0,31.389999389648438,31.75,6904200
2013-01-09 00:00:00+00:00,23.116689682006836,32.0,32.0099983215332,31.56999969482422,31.579999923706055,6754000
2013-01-10 00:00:00+00:00,23.42732810974121,32.43000030517578,32.56999969482422,32.08000183105469,32.11000061035156,8018700
2013-01-11 00:00:00+00:00,23.42009925842285,32.41999816894531,32.63999938964844,32.33000183105469,32.40999984741211,5376500
2013-01-14 00:00:00+00:00,23.36229705810547,32.34000015258789,32.63999938964844,32.25,32.25,5516500
2013-01-15 00:00:00+00:00,23.3189640045166,32.279998779296875,32.380001068115234,31.969999313354492,32.13999938964844,4922300
2013-01-16 00:00:00+00:00,23.485118865966797,32.5099983215332,32.560001373291016,32.08000183105469,32.18000030517578,5415300
2013-01-17 00:00:00+00:00,23.94745445251465,33.150001525878906,33.25,32.45000076293945,32.5099983215332,9193900
2013-01-18 00:00:00+00:00,24.214738845825195,33.52000045776367,33.540000915527344,33.02000045776367,33.029998779296875,13294700
2013-01-22 00:00:00+00:00,24.171390533447266,33.459999084472656,33.470001220703125,33.130001068115234,33.349998474121094,13045800
2013-01-23 00:00:00+00:00,23.896881103515625,33.08000183105469,33.29999923706055,32.79999923706055,33.25,9516500
2013-01-24 00:00:00+00:00,23.90411376953125,33.09000015258789,33.61000061035156,33.0099983215332,33.150001525878906,7827500
2013-01-25 00:00:00+00:00,23.69460678100586,32.79999923706055,33.290000915527344,32.709999084472656,33.150001525878906,8436000
2013-01-28 00:00:00+00:00,23.867982864379883,33.040000915527344,33.310001373291016,32.810001373291016,32.84000015258789,7773000
2013-01-29 00:00:00+00:00,23.75166893005371,32.66999816894531,32.83000183105469,32.38999938964844,32.61000061035156,6183000
2013-01-30 00:00:00+00:00,23.860715866088867,32.81999969482422,32.970001220703125,32.59000015258789,32.630001068115234,8352700
2013-01-31 00:00:00+00:00,24.049741744995117,33.08000183105469,33.11000061035156,32.65999984741211,32.81999969482422,13790600
2013-02-01 00:00:00+00:00,24.515033721923828,33.720001220703125,33.75,33.08000183105469,33.18000030517578,13854400
2013-02-04 00:00:00+00:00,24.18787384033203,33.27000045776367,33.689998626708984,33.25,33.5,16353400
2013-02-05 00:00:00+00:00,24.536842346191406,33.75,33.86000061035156,33.209999084472656,33.43000030517578,8434100
2013-02-06 00:00:00+00:00,24.39870262145996,33.560001373291016,33.689998626708984,33.38999938964844,33.599998474121094,9102400
2013-02-07 00:00:00+00:00,24.29692840576172,33.41999816894531,33.54999923706055,32.91999816894531,33.47999954223633,10626900
2013-02-08 00:00:00+00:00,24.92215919494629,34.279998779296875,34.290000915527344,33.560001373291016,33.61000061035156,13022900
2013-02-11 00:00:00+00:00,24.493223190307617,33.689998626708984,34.189998626708984,33.65999984741211,34.18000030517578,8275000
2013-02-12 00:00:00+00:00,24.39870262145996,33.560001373291016,33.70000076293945,33.40999984741211,33.59000015258789,7055500
2013-02-13 00:00:00+00:00,24.515033721923828,33.720001220703125,33.880001068115234,33.540000915527344,33.619998931884766,5424700
2013-02-14 00:00:00+00:00,24.565919876098633,33.790000915527344,33.84000015258789,33.29999923706055,33.4900016784668,6394200
2013-02-15 00:00:00+00:00,24.420520782470703,33.59000015258789,33.86000061035156,33.400001525878906,33.83000183105469,6519100
2013-02-19 00:00:00+00:00,24.67497444152832,33.939998626708984,34.060001373291016,33.43000030517578,33.720001220703125,6098000
2013-02-20 00:00:00+00:00,24.035202026367188,33.060001373291016,33.9900016784668,33.04999923706055,33.97999954223633,8968900
2013-02-21 00:00:00+00:00,23.613527297973633,32.47999954223633,33.0,32.189998626708984,32.9900016784668,11422300
2013-02-22 00:00:00+00:00,24.849456787109375,34.18000030517578,34.25,33.150001525878906,33.150001525878906,20543100
2013-02-25 00:00:00+00:00,24.52230453491211,33.72999954223633,34.45000076293945,33.709999084472656,34.20000076293945,13942700
2013-02-26 00:00:00+00:00,24.54411506652832,33.7599983215332,33.97999954223633,33.619998931884766,33.709999084472656,9811800
2013-02-27 00:00:00+00:00,24.9294376373291,34.290000915527344,34.47999954223633,33.709999084472656,33.79999923706055,7104600
2013-02-28 00:00:00+00:00,25.031211853027344,34.43000030517578,34.65999984741211,34.2400016784668,34.369998931884766,13413000
2013-03-01 00:00:00+00:00,25.09664535522461,34.52000045776367,34.56999969482422,33.83000183105469,34.130001068115234,9336900
2013-03-04 00:00:00+00:00,25.12572479248047,34.560001373291016,34.56999969482422,34.11000061035156,34.439998626708984,7424800
2013-03-05 00:00:00+00:00,25.445619583129883,35.0,35.0099983215332,34.59000015258789,34.68000030517578,12979700
2013-03-06 00:00:00+00:00,25.54738998413086,35.13999938964844,35.2599983215332,34.95000076293945,35.029998779296875,8706000
2013-03-07 00:00:00+00:00,25.591018676757812,35.20000076293945,35.25,35.060001373291016,35.189998626708984,8423000
2013-03-08 00:00:00+00:00,25.65644645690918,35.290000915527344,35.31999969482422,34.81999969482422,35.29999923706055,11510500
2013-03-11 00:00:00+00:00,25.82366371154785,35.52000045776367,35.59000015258789,35.11000061035156,35.27000045776367,8907500
2013-03-12 00:00:00+00:00,25.896358489990234,35.619998931884766,35.720001220703125,35.310001373291016,35.5,10862800
2013-03-13 00:00:00+00:00,25.65644645690918,35.290000915527344,35.380001068115234,35.04999923706055,35.20000076293945,9363100
2013-03-14 00:00:00+00:00,25.72188377380371,35.380001068115234,35.72999954223633,35.31999969482422,35.5,8676000
2013-03-15 00:00:00+00:00,25.503774642944336,35.08000183105469,35.400001525878906,34.849998474121094,35.20000076293945,14809100
2013-03-18 00:00:00+00:00,25.16933250427246,34.619998931884766,34.97999954223633,34.209999084472656,34.209999084472656,9094600
2013-03-19 00:00:00+00:00,25.198427200317383,34.65999984741211,34.90999984741211,34.290000915527344,34.689998626708984,11004700
2013-03-20 00:00:00+00:00,25.48923110961914,35.060001373291016,35.150001525878906,34.810001373291016,34.91999816894531,7556000
2013-03-21 00:00:00+00:00,24.9294376373291,34.290000915527344,34.93000030517578,34.2400016784668,34.779998779296875,9540200
2013-03-22 00:00:00+00:00,25.053020477294922,34.459999084472656,34.720001220703125,34.33000183105469,34.4900016784668,7647400
2013-03-25 00:00:00+00:00,25.06756591796875,34.47999954223633,34.880001068115234,34.310001373291016,34.560001373291016,7552800
2013-03-26 00:00:00+00:00,25.518320083618164,35.099998474121094,35.11000061035156,34.619998931884766,34.7400016784668,7249200
2013-03-27 00:00:00+00:00,25.503774642944336,35.08000183105469,35.119998931884766,34.560001373291016,34.81999969482422,8214600
2013-03-28 00:00:00+00:00,25.794578552246094,35.47999954223633,35.5,34.9900016784668,35.0099983215332,8651800
2013-04-01 00:00:00+00:00,25.452890396118164,35.0099983215332,35.560001373291016,34.86000061035156,35.2599983215332,11066900
2013-04-02 00:00:00+00:00,25.278400421142578,34.77000045776367,35.02000045776367,34.56999969482422,34.790000915527344,8763300
2013-04-03 00:00:00+00:00,24.827655792236328,34.150001525878906,34.88999938964844,34.0,34.7400016784668,13625700
2013-04-04 00:00:00+00:00,25.074840545654297,34.4900016784668,34.630001068115234,34.08000183105469,34.2599983215332,9406500
2013-04-05 00:00:00+00:00,24.864002227783203,34.20000076293945,34.22999954223633,33.810001373291016,34.11000061035156,11092000
2013-04-08 00:00:00+00:00,25.496503829956055,35.06999969482422,35.08000183105469,34.2599983215332,34.290000915527344,8662800
2013-04-09 00:00:00+00:00,25.56192970275879,35.15999984741211,35.400001525878906,34.79999923706055,35.11000061035156,7745400
2013-04-10 00:00:00+00:00,25.99814796447754,35.7599983215332,35.77000045776367,35.22999954223633,35.349998474121094,8048200
2013-04-11 00:00:00+00:00,25.947256088256836,35.689998626708984,35.91999816894531,35.369998931884766,35.45000076293945,10085600
2013-04-12 00:00:00+00:00,26.063579559326172,35.849998474121094,35.880001068115234,35.22999954223633,35.66999816894531,6753100
2013-04-15 00:00:00+00:00,25.641908645629883,35.27000045776367,35.880001068115234,35.27000045776367,35.58000183105469,9517000
2013-04-16 00:00:00+00:00,25.983606338500977,35.7400016784668,35.86000061035156,35.15999984741211,35.43000030517578,9367200
2013-04-17 00:00:00+00:00,24.87126922607422,34.209999084472656,35.029998779296875,34.0099983215332,35.0,17043900
2013-04-18 00:00:00+00:00,24.66043472290039,33.91999816894531,34.810001373291016,33.880001068115234,34.650001525878906,12616900
2013-04-19 00:00:00+00:00,24.90034294128418,34.25,34.400001525878906,33.560001373291016,33.83000183105469,10701100
2013-04-22 00:00:00+00:00,25.30748176574707,34.810001373291016,35.599998474121094,34.060001373291016,34.310001373291016,10722800
2013-04-23 00:00:00+00:00,25.954532623291016,35.70000076293945,36.22999954223633,35.15999984741211,35.31999969482422,15246700
2013-04-24 00:00:00+00:00,26.179906845092773,36.0099983215332,36.13999938964844,35.33000183105469,35.529998779296875,12074200
2013-04-25 00:00:00+00:00,26.252605438232422,36.11000061035156,36.2599983215332,35.93000030517578,36.15999984741211,11218600
2013-04-26 00:00:00+00:00,26.18665313720703,35.7400016784668,35.88999938964844,35.5,35.58000183105469,6990800
2013-04-29 00:00:00+00:00,26.35519027709961,35.970001220703125,36.099998474121094,35.68000030517578,35.97999954223633,5335500
2013-04-30 00:00:00+00:00,26.53102684020996,36.209999084472656,36.2400016784668,35.7599983215332,35.95000076293945,7430700
2013-05-01 00:00:00+00:00,26.67755699157715,36.40999984741211,36.79999923706055,35.86000061035156,36.25,15212000
2013-05-02 00:00:00+00:00,26.89006233215332,36.70000076293945,36.900001525878906,36.29999923706055,36.58000183105469,9582100
2013-05-03 00:00:00+00:00,27.117191314697266,37.0099983215332,37.20000076293945,36.869998931884766,36.939998626708984,11805400
2013-05-06 00:00:00+00:00,27.139169692993164,37.040000915527344,37.25,36.810001373291016,37.189998626708984,6140200
2013-05-07 00:00:00+00:00,27.139169692993164,37.040000915527344,37.150001525878906,36.86000061035156,37.11000061035156,5820100
2013-05-08 00:00:00+00:00,27.175806045532227,37.09000015258789,37.22999954223633,36.90999984741211,36.91999816894531,6355900
2013-05-09 00:00:00+00:00,27.117191314697266,37.0099983215332,37.36000061035156,36.939998626708984,37.0,7754600
2013-05-10 00:00:00+00:00,27.139169692993164,37.040000915527344,37.22999954223633,36.86000061035156,37.22999954223633,8742300
2013-05-13 00:00:00+00:00,26.77281951904297,36.540000915527344,37.029998779296875,36.540000915527344,36.91999816894531,9398700
2013-05-14 00:00:00+00:00,26.750843048095703,36.5099983215332,36.79999923706055,36.47999954223633,36.529998779296875,7124900
2013-05-15 00:00:00+00:00,26.970651626586914,36.810001373291016,36.880001068115234,36.459999084472656,36.56999969482422,11922000
2013-05-16 00:00:00+00:00,26.816781997680664,36.599998474121094,36.97999954223633,36.58000183105469,36.790000915527344,10209300
2013-05-17 00:00:00+00:00,26.94133758544922,36.77000045776367,36.83000183105469,36.56999969482422,36.68000030517578,10018700
2013-05-20 00:00:00+00:00,26.83875274658203,36.630001068115234,36.84000015258789,36.58000183105469,36.75,8727600
2013-05-21 00:00:00+00:00,26.816781997680664,36.599998474121094,36.79999923706055,36.5099983215332,36.70000076293945,6651600
2013-05-22 00:00:00+00:00,26.384496688842773,36.0099983215332,36.7400016784668,35.810001373291016,36.47999954223633,10122900
2013-05-23 00:00:00+00:00,26.36983871459961,35.9900016784668,36.15999984741211,35.529998779296875,35.72999954223633,7566200
2013-05-24 00:00:00+00:00,26.36983871459961,35.9900016784668,36.0099983215332,35.529998779296875,35.7400016784668,4786900
2013-05-28 00:00:00+00:00,26.523710250854492,36.20000076293945,36.720001220703125,36.130001068115234,36.650001525878906,5578500
2013-05-29 00:00:00+00:00,26.44310760498047,36.09000015258789,36.290000915527344,35.869998931884766,36.040000915527344,7809600
2013-05-30 00:00:00+00:00,26.721529006958008,36.470001220703125,36.630001068115234,35.91999816894531,35.91999816894531,15275100
2013-05-31 00:00:00+00:00,26.31121826171875,35.90999984741211,36.40999984741211,35.880001068115234,36.08000183105469,8188900
2013-06-03 00:00:00+00:00,26.39914321899414,36.029998779296875,36.189998626708984,35.72999954223633,35.939998626708984,8403800
2013-06-04 00:00:00+00:00,26.846084594726562,36.63999938964844,36.9900016784668,36.41999816894531,36.41999816894531,9021500
2013-06-05 00:00:00+00:00,26.281909942626953,35.869998931884766,36.61000061035156,35.810001373291016,36.61000061035156,6851900
2013-06-06 00:00:00+00:00,26.135360717773438,35.66999816894531,36.06999969482422,35.209999084472656,35.83000183105469,6104900
2013-06-07 00:00:00+00:00,26.509044647216797,36.18000030517578,36.25,35.65999984741211,35.97999954223633,5828200
2013-06-10 00:00:00+00:00,26.83143424987793,36.619998931884766,36.7599983215332,36.119998931884766,36.25,7941300
2013-06-11 00:00:00+00:00,25.834959030151367,35.2599983215332,36.02000045776367,35.16999816894531,36.0,9795200
2013-06-12 00:00:00+00:00,25.4906005859375,34.790000915527344,35.529998779296875,34.650001525878906,35.5,8378600
2013-06-13 00:00:00+00:00,25.996152877807617,35.47999954223633,35.58000183105469,34.58000183105469,34.849998474121094,7036400
2013-06-14 00:00:00+00:00,25.996152877807617,35.47999954223633,35.77000045776367,35.2400016784668,35.36000061035156,6267600
2013-06-17 00:00:00+00:00,26.21596336364746,35.779998779296875,36.2400016784668,35.599998474121094,35.79999923706055,6750900
2013-06-18 00:00:00+00:00,26.465089797973633,36.119998931884766,36.34000015258789,35.68000030517578,35.88999938964844,5691600
2013-06-19 00:00:00+00:00,26.1646785736084,35.709999084472656,36.290000915527344,35.61000061035156,36.22999954223633,5850300
2013-06-20 00:00:00+00:00,25.37336540222168,34.630001068115234,35.5,34.52000045776367,35.40999984741211,8734600
2013-06-21 00:00:00+00:00,25.607831954956055,34.95000076293945,35.060001373291016,34.400001525878906,34.790000915527344,14860300
2013-06-24 00:00:00+00:00,25.05097198486328,34.189998626708984,34.959999084472656,34.099998474121094,34.81999969482422,9087400
2013-06-25 00:00:00+00:00,25.659120559692383,35.02000045776367,35.15999984741211,34.470001220703125,34.630001068115234,7825800
2013-06-26 00:00:00+00:00,25.615154266357422,34.959999084472656,35.40999984741211,34.90999984741211,35.279998779296875,6596900
2013-06-27 00:00:00+00:00,25.534557342529297,34.849998474121094,35.189998626708984,34.849998474121094,35.060001373291016,6720200
2013-06-28 00:00:00+00:00,25.534557342529297,34.849998474121094,35.08000183105469,34.5099983215332,34.59000015258789,11343300
2013-07-01 00:00:00+00:00,25.673776626586914,35.040000915527344,35.380001068115234,34.939998626708984,34.95000076293945,5246700
2013-07-02 00:00:00+00:00,25.73971939086914,35.130001068115234,35.65999984741211,34.83000183105469,34.88999938964844,7795600
2013-07-03 00:00:00+00:00,25.988832473754883,35.470001220703125,35.779998779296875,34.810001373291016,34.849998474121094,4074200
2013-07-05 00:00:00+00:00,26.377164840698242,36.0,36.02000045776367,35.52000045776367,35.7599983215332,5764600
2013-07-08 00:00:00+00:00,26.1500301361084,35.689998626708984,36.15999984741211,35.40999984741211,36.130001068115234,8024200
2013-07-09 00:00:00+00:00,26.553014755249023,36.2400016784668,36.40999984741211,35.959999084472656,36.0,6284900
2013-07-10 00:00:00+00:00,26.80946159362793,36.59000015258789,36.66999816894531,36.060001373291016,36.060001373291016,7016500
2013-07-11 00:00:00+00:00,27.234420776367188,37.16999816894531,37.310001373291016,36.84000015258789,36.86000061035156,10298900
2013-07-12 00:00:00+00:00,27.468887329101562,37.4900016784668,37.4900016784668,37.0099983215332,37.20000076293945,6618900
2013-07-15 00:00:00+00:00,27.68869400024414,37.790000915527344,37.83000183105469,37.40999984741211,37.4900016784668,6279500
2013-07-16 00:00:00+00:00,27.71066665649414,37.81999969482422,37.95000076293945,37.619998931884766,37.88999938964844,5192600
2013-07-17 00:00:00+00:00,27.769296646118164,37.900001525878906,38.15999984741211,37.79999923706055,37.93000030517578,5810900
2013-07-18 00:00:00+00:00,27.549476623535156,37.599998474121094,38.099998474121094,37.560001373291016,37.88999938964844,6911300
2013-07-19 00:00:00+00:00,27.300363540649414,37.2599983215332,37.599998474121094,37.130001068115234,37.529998779296875,8238400
2013-07-22 00:00:00+00:00,27.417587280273438,37.41999816894531,37.599998474121094,37.220001220703125,37.54999923706055,7906500
2013-07-23 00:00:00+00:00,28.52397346496582,38.93000030517578,39.7400016784668,38.58000183105469,38.650001525878906,21958000
2013-07-24 00:00:00+00:00,28.52397346496582,38.93000030517578,39.209999084472656,38.65999984741211,38.970001220703125,10252200
2013-07-25 00:00:00+00:00,28.75844383239746,39.25,39.27000045776367,38.72999954223633,38.90999984741211,9191700
2013-07-26 00:00:00+00:00,28.655851364135742,39.11000061035156,39.119998931884766,38.75,38.7599983215332,6965000
2013-07-29 00:00:00+00:00,28.47873306274414,38.59000015258789,38.9900016784668,38.540000915527344,38.619998931884766,4970300
2013-07-30 00:00:00+00:00,28.604198455810547,38.7599983215332,39.04999923706055,38.619998931884766,38.72999954223633,6160000
2013-07-31 00:00:00+00:00,28.91415786743164,39.18000030517578,39.349998474121094,38.779998779296875,38.97999954223633,8871300
2013-08-01 00:00:00+00:00,29.386465072631836,39.81999969482422,39.900001525878906,39.25,39.36000061035156,8625100
2013-08-02 00:00:00+00:00,29.475004196166992,39.939998626708984,39.9900016784668,39.40999984741211,39.630001068115234,9305700
2013-08-05 00:00:00+00:00,29.415973663330078,39.86000061035156,39.900001525878906,39.65999984741211,39.720001220703125,4514300
2013-08-06 00:00:00+00:00,29.320051193237305,39.72999954223633,39.9900016784668,39.529998779296875,39.810001373291016,5140100
2013-08-07 00:00:00+00:00,29.26100730895996,39.650001525878906,39.88999938964844,39.4900016784668,39.54999923706055,4513300
2013-08-08 00:00:00+00:00,29.26100730895996,39.650001525878906,39.959999084472656,39.41999816894531,39.849998474121094,3897300
2013-08-09 00:00:00+00:00,29.356943130493164,39.779998779296875,39.939998626708984,39.5099983215332,39.54999923706055,5768600
2013-08-12 00:00:00+00:00,29.305282592773438,39.709999084472656,39.91999816894531,39.47999954223633,39.47999954223633,3506600
2013-08-13 00:00:00+00:00,29.342172622680664,39.7599983215332,39.91999816894531,39.45000076293945,39.70000076293945,4100300
2013-08-14 00:00:00+00:00,28.90677833557129,39.16999816894531,39.790000915527344,39.040000915527344,39.779998779296875,11735300
2013-08-15 00:00:00+00:00,28.523019790649414,38.650001525878906,38.900001525878906,38.36000061035156,38.66999816894531,8551200
2013-08-16 00:00:00+00:00,28.589439392089844,38.7400016784668,39.04999923706055,38.439998626708984,38.630001068115234,5714600
2013-08-19 00:00:00+00:00,28.3680477142334,38.439998626708984,39.029998779296875,38.40999984741211,38.939998626708984,5365800
2013-08-20 00:00:00+00:00,28.596818923950195,38.75,38.86000061035156,38.45000076293945,38.58000183105469,5428900
2013-08-21 00:00:00+00:00,28.375429153442383,38.45000076293945,38.7599983215332,38.0,38.29999923706055,9314200
2013-08-22 00:00:00+00:00,28.648488998413086,38.81999969482422,38.95000076293945,38.349998474121094,38.619998931884766,4258600
2013-08-23 00:00:00+00:00,28.832971572875977,39.06999969482422,39.13999938964844,38.709999084472656,38.93000030517578,5162800
2013-08-26 00:00:00+00:00,28.921531677246094,39.189998626708984,39.560001373291016,39.040000915527344,39.15999984741211,6757700
2013-08-27 00:00:00+00:00,28.227821350097656,38.25,38.810001373291016,38.119998931884766,38.810001373291016,9172200
2013-08-28 00:00:00+00:00,28.360658645629883,38.43000030517578,38.689998626708984,38.13999938964844,38.369998931884766,5115000
2013-08-29 00:00:00+00:00,28.493507385253906,38.61000061035156,38.81999969482422,38.2599983215332,38.380001068115234,3192400
2013-08-30 00:00:00+00:00,28.190933227539062,38.20000076293945,38.650001525878906,38.060001373291016,38.63999938964844,4377300
2013-09-03 00:00:00+00:00,28.515634536743164,38.63999938964844,39.09000015258789,38.47999954223633,38.619998931884766,4466800
2013-09-04 00:00:00+00:00,29.054370880126953,39.369998931884766,39.470001220703125,38.52000045776367,38.77000045776367,6224400
2013-09-05 00:00:00+00:00,29.135534286499023,39.47999954223633,39.58000183105469,39.290000915527344,39.36000061035156,4374400
2013-09-06 00:00:00+00:00,28.91415786743164,39.18000030517578,39.599998474121094,38.97999954223633,39.599998474121094,4770400
2013-09-09 00:00:00+00:00,29.334796905517578,39.75,39.84000015258789,39.25,39.38999938964844,3656700
2013-09-10 00:00:00+00:00,29.748071670532227,40.310001373291016,40.36000061035156,39.880001068115234,39.959999084472656,6427400
2013-09-11 00:00:00+00:00,29.541439056396484,40.029998779296875,40.38999938964844,39.959999084472656,40.04999923706055,6720000
2013-09-12 00:00:00+00:00,29.452877044677734,39.90999984741211,40.11000061035156,39.65999984741211,39.93000030517578,5855600
2013-09-13 00:00:00+00:00,29.725927352905273,40.279998779296875,40.29999923706055,39.7400016784668,40.060001373291016,4272300
2013-09-16 00:00:00+00:00,29.851381301879883,40.45000076293945,40.58000183105469,40.279998779296875,40.5,5393100
2013-09-17 00:00:00+00:00,30.058034896850586,40.72999954223633,40.84000015258789,40.38999938964844,40.65999984741211,4061200
2013-09-18 00:00:00+00:00,30.146575927734375,40.849998474121094,40.900001525878906,40.54999923706055,40.70000076293945,7654400
2013-09-19 00:00:00+00:00,30.109668731689453,40.79999923706055,40.939998626708984,40.66999816894531,40.90999984741211,5066800
2013-09-20 00:00:00+00:00,29.903045654296875,40.52000045776367,40.90999984741211,40.5099983215332,40.88999938964844,7179000
2013-09-23 00:00:00+00:00,29.866146087646484,40.470001220703125,40.619998931884766,40.25,40.5,5780200
2013-09-24 00:00:00+00:00,29.748071670532227,40.310001373291016,40.560001373291016,40.22999954223633,40.45000076293945,4440700
2013-09-25 00:00:00+00:00,29.75544548034668,40.31999969482422,40.52000045776367,40.209999084472656,40.43000030517578,4421200
2013-09-26 00:00:00+00:00,29.799732208251953,40.380001068115234,40.540000915527344,40.150001525878906,40.52000045776367,3275500
2013-09-27 00:00:00+00:00,29.637374877929688,40.15999984741211,40.33000183105469,40.0,40.25,3799300
2013-09-30 00:00:00+00:00,29.733320236206055,40.290000915527344,40.40999984741211,39.68000030517578,39.880001068115234,5521700
2013-10-01 00:00:00+00:00,29.81448745727539,40.400001525878906,40.54999923706055,40.22999954223633,40.34000015258789,3942000
2013-10-02 00:00:00+00:00,29.711158752441406,40.2599983215332,40.470001220703125,40.08000183105469,40.11000061035156,4255100
2013-10-03 00:00:00+00:00,29.68165397644043,40.220001220703125,40.36000061035156,39.810001373291016,40.060001373291016,5899200
2013-10-04 00:00:00+00:00,29.46764373779297,39.93000030517578,40.25,39.83000183105469,40.25,6539300
2013-10-07 00:00:00+00:00,29.415973663330078,39.86000061035156,40.220001220703125,39.52000045776367,39.61000061035156,5850700
2013-10-08 00:00:00+00:00,28.95842742919922,39.2400016784668,39.900001525878906,39.20000076293945,39.900001525878906,6427000
2013-10-09 00:00:00+00:00,28.99532699584961,39.290000915527344,39.4900016784668,38.91999816894531,39.31999969482422,6859200
2013-10-10 00:00:00+00:00,29.607852935791016,40.119998931884766,40.2400016784668,39.560001373291016,39.56999969482422,6383900
2013-10-11 00:00:00+00:00,29.799732208251953,40.380001068115234,40.43000030517578,39.81999969482422,39.81999969482422,4500100
2013-10-14 00:00:00+00:00,29.92517852783203,40.54999923706055,40.63999938964844,40.13999938964844,40.22999954223633,6080400
2013-10-15 00:00:00+00:00,29.703792572021484,40.25,40.599998474121094,40.209999084472656,40.5099983215332,6437400
2013-10-16 00:00:00+00:00,30.072782516479492,40.75,40.77000045776367,39.7400016784668,39.9900016784668,8301700
2013-10-17 00:00:00+00:00,29.998985290527344,40.650001525878906,40.720001220703125,40.09000015258789,40.279998779296875,4972800
2013-10-18 00:00:00+00:00,30.043258666992188,40.709999084472656,40.7599983215332,40.34000015258789,40.689998626708984,5724400
2013-10-21 00:00:00+00:00,30.249897003173828,40.9900016784668,41.220001220703125,40.540000915527344,40.54999923706055,9658800
2013-10-22 00:00:00+00:00,29.725927352905273,40.279998779296875,40.459999084472656,39.779998779296875,40.18000030517578,13064800
2013-10-23 00:00:00+00:00,29.320051193237305,39.72999954223633,40.11000061035156,39.189998626708984,40.0,12047600
2013-10-24 00:00:00+00:00,29.430736541748047,39.880001068115234,40.279998779296875,39.650001525878906,39.650001525878906,6663600
2013-10-25 00:00:00+00:00,29.689023971557617,40.22999954223633,40.27000045776367,39.790000915527344,39.95000076293945,7152100
2013-10-28 00:00:00+00:00,30.264652252197266,41.0099983215332,41.06999969482422,40.09000015258789,40.130001068115234,11604000
2013-10-29 00:00:00+00:00,31.045259475708008,41.7599983215332,41.77000045776367,40.91999816894531,41.40999984741211,11073600
2013-10-30 00:00:00+00:00,31.015512466430664,41.720001220703125,42.33000183105469,41.560001373291016,41.65999984741211,11278100
2013-10-31 00:00:00+00:00,31.290578842163086,42.09000015258789,42.34000015258789,41.650001525878906,41.70000076293945,9643500
2013-11-01 00:00:00+00:00,31.245962142944336,42.029998779296875,42.369998931884766,41.81999969482422,42.36000061035156,6033800
2013-11-04 00:00:00+00:00,31.216238021850586,41.9900016784668,42.2400016784668,41.88999938964844,42.18000030517578,3681600
2013-11-05 00:00:00+00:00,31.149316787719727,41.900001525878906,42.040000915527344,41.5,41.75,5350400
2013-11-06 00:00:00+00:00,31.327733993530273,42.13999938964844,42.2599983215332,41.900001525878906,42.11000061035156,4637300
2013-11-07 00:00:00+00:00,30.963483810424805,41.650001525878906,42.29999923706055,41.5099983215332,42.2599983215332,6335400
2013-11-08 00:00:00+00:00,31.208803176879883,41.97999954223633,42.040000915527344,41.560001373291016,41.84000015258789,5590100
2013-11-11 00:00:00+00:00,31.067543029785156,41.790000915527344,42.0,41.63999938964844,41.939998626708984,4291000
2013-11-12 00:00:00+00:00,31.11215591430664,41.849998474121094,41.9900016784668,41.61000061035156,41.61000061035156,4176800
2013-11-13 00:00:00+00:00,31.513607025146484,42.38999938964844,42.40999984741211,41.5099983215332,41.650001525878906,7129600
2013-11-14 00:00:00+00:00,31.692018508911133,42.630001068115234,42.75,42.209999084472656,42.22999954223633,6114500
2013-11-15 00:00:00+00:00,31.632549285888672,42.54999923706055,42.7400016784668,42.290000915527344,42.599998474121094,4231800
2013-11-18 00:00:00+00:00,31.55076789855957,42.439998626708984,42.70000076293945,42.33000183105469,42.619998931884766,4000400
2013-11-19 00:00:00+00:00,31.335195541381836,42.150001525878906,42.70000076293945,42.09000015258789,42.47999954223633,3605000
2013-11-20 00:00:00+00:00,31.171627044677734,41.93000030517578,42.400001525878906,41.810001373291016,42.400001525878906,4858800
2013-11-21 00:00:00+00:00,31.55076789855957,42.439998626708984,42.4900016784668,42.0099983215332,42.08000183105469,3826700
2013-11-22 00:00:00+00:00,31.699453353881836,42.63999938964844,42.66999816894531,42.150001525878906,42.43000030517578,5002300
2013-11-25 00:00:00+00:00,31.632549285888672,42.54999923706055,42.7400016784668,42.41999816894531,42.65999984741211,6201200
2013-11-26 00:00:00+00:00,31.744060516357422,42.70000076293945,42.849998474121094,42.560001373291016,42.59000015258789,4181000
2013-11-27 00:00:00+00:00,31.610248565673828,42.52000045776367,42.58000183105469,41.939998626708984,42.099998474121094,4764300
2013-11-29 00:00:00+00:00,31.96709632873535,43.0,43.08000183105469,42.5099983215332,42.630001068115234,3756400
2013-12-02 00:00:00+00:00,31.825843811035156,42.810001373291016,43.0,42.720001220703125,42.95000076293945,4389600
2013-12-03 00:00:00+00:00,31.8481502532959,42.84000015258789,42.939998626708984,42.38999938964844,42.619998931884766,6318700
2013-12-04 00:00:00+00:00,31.543346405029297,42.43000030517578,43.06999969482422,42.220001220703125,42.66999816894531,6592500
2013-12-05 00:00:00+00:00,31.714336395263672,42.65999984741211,42.72999954223633,42.38999938964844,42.47999954223633,4486700
2013-12-06 00:00:00+00:00,32.33136749267578,43.4900016784668,43.560001373291016,43.0099983215332,43.0099983215332,4794000
2013-12-09 00:00:00+00:00,32.39827346801758,43.58000183105469,43.66999816894531,43.31999969482422,43.650001525878906,5121700
2013-12-10 00:00:00+00:00,32.27189636230469,43.40999984741211,43.650001525878906,43.279998779296875,43.4900016784668,5146200
2013-12-11 00:00:00+00:00,31.825843811035156,42.810001373291016,43.5,42.779998779296875,43.45000076293945,4169600
2013-12-12 00:00:00+00:00,31.535913467407227,42.41999816894531,42.75,42.29999923706055,42.33000183105469,6970500
2013-12-13 00:00:00+00:00,31.18649673461914,41.95000076293945,42.779998779296875,41.90999984741211,42.650001525878906,5596000
2013-12-16 00:00:00+00:00,31.439268112182617,42.290000915527344,42.58000183105469,42.04999923706055,42.18000030517578,4144400
2013-12-17 00:00:00+00:00,31.543346405029297,42.43000030517578,42.61000061035156,42.22999954223633,42.2599983215332,3570500
2013-12-18 00:00:00+00:00,32.04142761230469,43.099998474121094,43.099998474121094,42.04999923706055,42.5099983215332,6390700
2013-12-19 00:00:00+00:00,31.56563949584961,42.459999084472656,43.11000061035156,42.279998779296875,43.11000061035156,4910200
2013-12-20 00:00:00+00:00,31.8481502532959,42.84000015258789,43.0,42.4900016784668,42.7599983215332,8648200
2013-12-23 00:00:00+00:00,32.23473358154297,43.36000061035156,43.40999984741211,42.900001525878906,43.0,3908600
2013-12-24 00:00:00+00:00,32.28676223754883,43.43000030517578,43.599998474121094,43.25,43.310001373291016,1339900
2013-12-26 00:00:00+00:00,32.405704498291016,43.59000015258789,43.650001525878906,43.45000076293945,43.52000045776367,1960100
2013-12-27 00:00:00+00:00,32.46517562866211,43.66999816894531,43.83000183105469,43.59000015258789,43.77000045776367,1938000
2013-12-30 00:00:00+00:00,32.63616943359375,43.900001525878906,43.90999984741211,43.4900016784668,43.5,2445700
2013-12-31 00:00:00+00:00,32.64360046386719,43.90999984741211,44.09000015258789,43.790000915527344,44.040000915527344,2631300
2014-01-02 00:00:00+00:00,32.04142761230469,43.099998474121094,43.5,42.880001068115234,43.439998626708984,6959200
2014-01-03 00:00:00+00:00,32.18268585205078,43.290000915527344,43.459999084472656,42.970001220703125,43.119998931884766,4693300
2014-01-06 00:00:00+00:00,31.91505241394043,42.93000030517578,43.279998779296875,42.849998474121094,43.25,4446300
2014-01-07 00:00:00+00:00,31.744060516357422,42.70000076293945,43.11000061035156,42.63999938964844,42.97999954223633,5078900
2014-01-08 00:00:00+00:00,32.18268585205078,43.290000915527344,43.31999969482422,42.619998931884766,42.959999084472656,6353500
2014-01-09 00:00:00+00:00,32.011688232421875,43.060001373291016,43.38999938964844,42.900001525878906,43.279998779296875,3383800
2014-01-10 00:00:00+00:00,32.04887390136719,43.11000061035156,43.25,42.7400016784668,43.150001525878906,5330900
2014-01-13 00:00:00+00:00,31.4020938873291,42.2400016784668,43.099998474121094,42.119998931884766,42.959999084472656,6759100
2014-01-14 00:00:00+00:00,32.2198486328125,43.34000015258789,43.400001525878906,42.349998474121094,42.5,6892700
2014-01-15 00:00:00+00:00,32.36854553222656,43.540000915527344,43.650001525878906,43.099998474121094,43.45000076293945,6605400
2014-01-16 00:00:00+00:00,32.242149353027344,43.369998931884766,43.599998474121094,43.2400016784668,43.52000045776367,4086900
2014-01-17 00:00:00+00:00,32.30164337158203,43.45000076293945,43.849998474121094,43.0099983215332,43.20000076293945,6614200
2014-01-21 00:00:00+00:00,32.599002838134766,43.849998474121094,43.93000030517578,43.369998931884766,43.75,7413800
2014-01-22 00:00:00+00:00,33.16399383544922,44.61000061035156,44.81999969482422,43.54999923706055,43.70000076293945,9822000
2014-01-23 00:00:00+00:00,32.77742385864258,44.09000015258789,44.54999923706055,43.95000076293945,44.119998931884766,8236400
2014-01-24 00:00:00+00:00,31.929929733276367,42.95000076293945,44.029998779296875,42.880001068115234,43.790000915527344,10676700
2014-01-27 00:00:00+00:00,31.699453353881836,42.63999938964844,43.27000045776367,42.54999923706055,42.95000076293945,7360000
2014-01-28 00:00:00+00:00,31.892745971679688,42.900001525878906,42.93000030517578,42.29999923706055,42.58000183105469,6356100
2014-01-29 00:00:00+00:00,31.74301528930664,42.400001525878906,42.75,42.2400016784668,42.31999969482422,8619600
2014-01-30 00:00:00+00:00,31.960126876831055,42.689998626708984,42.93000030517578,42.43000030517578,42.61000061035156,6703000
2014-01-31 00:00:00+00:00,31.74301528930664,42.400001525878906,42.650001525878906,41.2599983215332,41.349998474121094,12821700
2014-02-03 00:00:00+00:00,31.069225311279297,41.5,42.5,41.380001068115234,42.41999816894531,12669400
2014-02-04 00:00:00+00:00,30.612548828125,40.88999938964844,41.70000076293945,40.849998474121094,41.599998474121094,10529900
2014-02-05 00:00:00+00:00,30.672439575195312,40.970001220703125,41.130001068115234,40.33000183105469,40.630001068115234,9254300
2014-02-06 00:00:00+00:00,30.86707878112793,41.22999954223633,41.439998626708984,41.0,41.189998626708984,4734500
2014-02-07 00:00:00+00:00,31.40612030029297,41.95000076293945,42.0,41.290000915527344,41.560001373291016,6005000
2014-02-10 00:00:00+00:00,31.713075637817383,42.36000061035156,42.369998931884766,41.88999938964844,41.970001220703125,4666000
2014-02-11 00:00:00+00:00,32.2895393371582,43.130001068115234,43.290000915527344,42.310001373291016,42.7599983215332,7149900
2014-02-12 00:00:00+00:00,32.41680145263672,43.29999923706055,43.439998626708984,43.0099983215332,43.2400016784668,5041200
2014-02-13 00:00:00+00:00,32.7462158203125,43.7400016784668,43.75,43.04999923706055,43.04999923706055,5029100
2014-02-14 00:00:00+00:00,32.836063385009766,43.86000061035156,43.939998626708984,43.400001525878906,43.52000045776367,4907400
2014-02-18 00:00:00+00:00,32.9483528137207,44.0099983215332,44.06999969482422,43.2400016784668,43.75,5826100
2014-02-19 00:00:00+00:00,32.888458251953125,43.93000030517578,44.150001525878906,43.66999816894531,43.83000183105469,5346600
2014-02-20 00:00:00+00:00,33.09058380126953,44.20000076293945,44.2599983215332,43.79999923706055,43.849998474121094,5371100
2014-02-21 00:00:00+00:00,33.053165435791016,44.150001525878906,44.43000030517578,44.02000045776367,44.400001525878906,5669500
2014-02-24 00:00:00+00:00,33.27775573730469,44.45000076293945,44.83000183105469,44.20000076293945,44.220001220703125,5311800
2014-02-25 00:00:00+00:00,33.292755126953125,44.470001220703125,44.709999084472656,44.06999969482422,44.4900016784668,5303900
2014-02-26 00:00:00+00:00,33.41252517700195,44.630001068115234,44.939998626708984,44.4900016784668,44.5,4532100
2014-02-27 00:00:00+00:00,33.524818420410156,44.779998779296875,44.81999969482422,44.47999954223633,44.529998779296875,4343500
2014-02-28 00:00:00+00:00,33.65957260131836,44.959999084472656,45.189998626708984,44.58000183105469,44.880001068115234,5772900
2014-03-03 00:00:00+00:00,33.375083923339844,44.58000183105469,44.939998626708984,44.349998474121094,44.68000030517578,4679400
2014-03-04 00:00:00+00:00,33.8841667175293,45.2599983215332,45.40999984741211,44.81999969482422,44.83000183105469,5112200
2014-03-05 00:00:00+00:00,33.82427978515625,45.18000030517578,45.599998474121094,44.150001525878906,44.150001525878906,5094800
2014-03-06 00:00:00+00:00,34.1986083984375,45.68000030517578,45.75,45.209999084472656,45.310001373291016,4803100
2014-03-07 00:00:00+00:00,34.32587814331055,45.849998474121094,46.040000915527344,45.619998931884766,45.880001068115234,3872400
2014-03-10 00:00:00+00:00,34.34084701538086,45.869998931884766,46.0,45.529998779296875,45.90999984741211,3370300
2014-03-11 00:00:00+00:00,34.19112014770508,45.66999816894531,46.2400016784668,45.29999923706055,45.9900016784668,4978200
2014-03-12 00:00:00+00:00,34.76009750366211,46.43000030517578,46.599998474121094,45.52000045776367,45.52000045776367,9523400
2014-03-13 00:00:00+00:00,33.682029724121094,44.9900016784668,46.779998779296875,44.91999816894531,46.5,9890400
2014-03-14 00:00:00+00:00,33.17294692993164,44.310001373291016,45.290000915527344,44.290000915527344,44.95000076293945,10047300
2014-03-17 00:00:00+00:00,33.891666412353516,45.27000045776367,45.52000045776367,44.40999984741211,44.540000915527344,5894500
2014-03-18 00:00:00+00:00,33.988983154296875,45.400001525878906,45.650001525878906,45.06999969482422,45.209999084472656,4093400
2014-03-19 00:00:00+00:00,34.078834533691406,45.52000045776367,46.0099983215332,45.27000045776367,45.5099983215332,5830900
2014-03-20 00:00:00+00:00,35.1494026184082,46.95000076293945,46.970001220703125,45.40999984741211,45.54999923706055,7694600
2014-03-21 00:00:00+00:00,35.29914093017578,47.150001525878906,47.650001525878906,46.4900016784668,47.43000030517578,21693300
2014-03-24 00:00:00+00:00,34.86491012573242,46.56999969482422,47.0,46.20000076293945,46.79999923706055,6884000
2014-03-25 00:00:00+00:00,34.954742431640625,46.689998626708984,46.900001525878906,46.099998474121094,46.84000015258789,6606500
2014-03-26 00:00:00+00:00,34.73015594482422,46.38999938964844,47.25,46.22999954223633,46.97999954223633,6824900
2014-03-27 00:00:00+00:00,34.49806594848633,46.08000183105469,46.619998931884766,46.0,46.45000076293945,4935700
2014-03-28 00:00:00+00:00,34.917301177978516,46.63999938964844,47.060001373291016,46.119998931884766,46.22999954223633,4329500
2014-03-31 00:00:00+00:00,35.30662155151367,47.15999984741211,47.439998626708984,46.86000061035156,47.060001373291016,4650500
2014-04-01 00:00:00+00:00,35.5836296081543,47.529998779296875,49.77000045776367,47.119998931884766,47.31999969482422,6467800
2014-04-02 00:00:00+00:00,35.650997161865234,47.619998931884766,47.970001220703125,47.470001220703125,47.58000183105469,5153900
2014-04-03 00:00:00+00:00,35.70341491699219,47.689998626708984,47.88999938964844,47.5,47.72999954223633,2626800
2014-04-04 00:00:00+00:00,34.69273376464844,46.34000015258789,48.0,46.22999954223633,47.88999938964844,7418800
2014-04-07 00:00:00+00:00,34.625328063964844,46.25,46.900001525878906,46.02000045776367,46.290000915527344,7278000
2014-04-08 00:00:00+00:00,35.0146484375,46.77000045776367,46.900001525878906,46.279998779296875,46.36000061035156,6590100
2014-04-09 00:00:00+00:00,35.36651611328125,47.2400016784668,47.36000061035156,46.560001373291016,46.95000076293945,4638900
2014-04-10 00:00:00+00:00,34.08631134033203,45.529998779296875,47.290000915527344,45.52000045776367,47.119998931884766,8497300
2014-04-11 00:00:00+00:00,33.67455291748047,44.97999954223633,45.7400016784668,44.72999954223633,44.77000045776367,8361500
2014-04-14 00:00:00+00:00,33.92909240722656,45.31999969482422,45.7599983215332,44.91999816894531,45.7599983215332,5175100
2014-04-15 00:00:00+00:00,34.29594802856445,45.810001373291016,45.9900016784668,45.040000915527344,45.380001068115234,6506100
2014-04-16 00:00:00+00:00,33.846744537353516,45.209999084472656,45.72999954223633,44.540000915527344,45.70000076293945,8908100
2014-04-17 00:00:00+00:00,34.3109130859375,45.83000183105469,46.060001373291016,45.08000183105469,45.349998474121094,6542500
2014-04-21 00:00:00+00:00,34.520530700683594,46.11000061035156,46.2400016784668,45.68000030517578,46.18000030517578,3000900
2014-04-22 00:00:00+00:00,34.87989044189453,46.59000015258789,46.709999084472656,45.540000915527344,45.880001068115234,4981400
2014-04-23 00:00:00+00:00,34.782562255859375,46.459999084472656,47.0,46.41999816894531,46.54999923706055,5865900
2014-04-24 00:00:00+00:00,36.287349700927734,48.470001220703125,49.11000061035156,47.630001068115234,47.779998779296875,13421500
2014-04-25 00:00:00+00:00,34.69273376464844,46.34000015258789,48.15999984741211,45.939998626708984,47.9900016784668,12403800
2014-04-28 00:00:00+00:00,34.24814224243164,45.45000076293945,46.72999954223633,45.209999084472656,46.459999084472656,13496500
2014-04-29 00:00:00+00:00,34.75300216674805,46.119998931884766,46.220001220703125,45.630001068115234,45.81999969482422,7783900
2014-04-30 00:00:00+00:00,34.24814224243164,45.45000076293945,46.16999816894531,45.43000030517578,45.959999084472656,9909700
2014-05-01 00:00:00+00:00,34.08234786987305,45.22999954223633,46.0,45.150001525878906,45.90999984741211,9211400
2014-05-02 00:00:00+00:00,34.49681091308594,45.779998779296875,45.970001220703125,45.25,45.56999969482422,6002400
2014-05-05 00:00:00+00:00,34.45159912109375,45.720001220703125,45.86000061035156,45.380001068115234,45.4900016784668,3970900
2014-05-06 00:00:00+00:00,34.195404052734375,45.380001068115234,45.86000061035156,45.31999969482422,45.630001068115234,4431200
2014-05-07 00:00:00+00:00,34.34609603881836,45.58000183105469,45.65999984741211,45.08000183105469,45.33000183105469,4491500
2014-05-08 00:00:00+00:00,34.74546432495117,46.11000061035156,46.599998474121094,45.369998931884766,45.59000015258789,6113600
2014-05-09 00:00:00+00:00,34.54201889038086,45.84000015258789,46.18000030517578,45.47999954223633,46.040000915527344,5549800
2014-05-12 00:00:00+00:00,35.378440856933594,46.95000076293945,47.150001525878906,45.97999954223633,46.130001068115234,6529000
2014-05-13 00:00:00+00:00,34.7680778503418,46.13999938964844,47.0099983215332,46.099998474121094,46.90999984741211,8041500
2014-05-14 00:00:00+00:00,34.36870193481445,45.61000061035156,46.279998779296875,45.459999084472656,45.83000183105469,6239800
2014-05-15 00:00:00+00:00,33.82616424560547,44.88999938964844,45.65999984741211,44.68000030517578,45.529998779296875,8456000
2014-05-16 00:00:00+00:00,33.90150451660156,44.9900016784668,45.220001220703125,44.75,45.119998931884766,6593500
2014-05-19 00:00:00+00:00,34.36116409301758,45.599998474121094,45.83000183105469,45.130001068115234,45.209999084472656,4692100
2014-05-20 00:00:00+00:00,34.444053649902344,45.709999084472656,45.83000183105469,45.380001068115234,45.41999816894531,4440100
2014-05-21 00:00:00+00:00,34.39883804321289,45.650001525878906,45.95000076293945,45.349998474121094,45.939998626708984,3993300
2014-05-22 00:00:00+00:00,34.7680778503418,46.13999938964844,46.2599983215332,45.619998931884766,45.7400016784668,4279700
2014-05-23 00:00:00+00:00,34.85095977783203,46.25,46.29999923706055,45.91999816894531,46.08000183105469,3864500
2014-05-27 00:00:00+00:00,34.92632293701172,46.349998474121094,46.790000915527344,46.2400016784668,46.380001068115234,4594900
2014-05-28 00:00:00+00:00,35.00919723510742,46.459999084472656,46.529998779296875,45.970001220703125,46.290000915527344,3976400
2014-05-29 00:00:00+00:00,35.159915924072266,46.65999984741211,46.65999984741211,46.38999938964844,46.56999969482422,2975300
2014-05-30 00:00:00+00:00,35.40104293823242,46.97999954223633,47.0,46.439998626708984,46.84000015258789,4576100
2014-06-02 00:00:00+00:00,35.40857696533203,46.9900016784668,47.2400016784668,46.779998779296875,47.0,3379700
2014-06-03 00:00:00+00:00,35.40857696533203,46.9900016784668,47.189998626708984,46.779998779296875,46.93000030517578,3955200
2014-06-04 00:00:00+00:00,35.30309295654297,46.849998474121094,47.189998626708984,46.77000045776367,47.189998626708984,3497700
2014-06-05 00:00:00+00:00,35.7175407409668,47.400001525878906,47.4900016784668,45.650001525878906,45.86000061035156,4038200
2014-06-06 00:00:00+00:00,35.792877197265625,47.5,47.77000045776367,47.380001068115234,47.689998626708984,2965800
2014-06-09 00:00:00+00:00,36.07923126220703,47.880001068115234,47.970001220703125,47.47999954223633,47.540000915527344,4376700
2014-06-10 00:00:00+00:00,36.14704132080078,47.970001220703125,47.97999954223633,47.650001525878906,47.779998779296875,2697000
2014-06-11 00:00:00+00:00,36.23747634887695,48.09000015258789,48.2400016784668,47.66999816894531,47.86000061035156,3333300
2014-06-12 00:00:00+00:00,36.27513885498047,48.13999938964844,48.2400016784668,47.83000183105469,47.88999938964844,5782600
2014-06-13 00:00:00+00:00,36.41832733154297,48.33000183105469,48.45000076293945,47.90999984741211,48.279998779296875,4763500
2014-06-16 00:00:00+00:00,36.267616271972656,48.130001068115234,48.290000915527344,47.79999923706055,48.04999923706055,4473200
2014-06-17 00:00:00+00:00,36.365562438964844,48.2599983215332,48.31999969482422,47.91999816894531,47.959999084472656,3845300
2014-06-18 00:00:00+00:00,36.071693420410156,47.869998931884766,48.29999923706055,47.630001068115234,48.279998779296875,3973100
2014-06-19 00:00:00+00:00,36.10182571411133,47.90999984741211,48.209999084472656,47.619998931884766,48.08000183105469,5185400
2014-06-20 00:00:00+00:00,36.12443161010742,47.939998626708984,48.220001220703125,47.560001373291016,48.060001373291016,8463900
2014-06-23 00:00:00+00:00,36.22994613647461,48.08000183105469,48.16999816894531,47.81999969482422,47.97999954223633,3002500
2014-06-24 00:00:00+00:00,35.95112609863281,47.709999084472656,48.20000076293945,47.63999938964844,47.88999938964844,3732800
2014-06-25 00:00:00+00:00,36.199790954589844,48.040000915527344,48.11000061035156,46.54999923706055,46.65999984741211,3645000
2014-06-26 00:00:00+00:00,36.01140594482422,47.790000915527344,48.04999923706055,47.380001068115234,48.040000915527344,3533000
2014-06-27 00:00:00+00:00,35.98880386352539,47.7599983215332,47.779998779296875,47.369998931884766,47.720001220703125,4105900
2014-06-30 00:00:00+00:00,36.01140594482422,47.790000915527344,47.95000076293945,47.47999954223633,47.66999816894531,3109800
2014-07-01 00:00:00+00:00,36.538883209228516,48.4900016784668,48.72999954223633,47.93000030517578,48.029998779296875,4714500
2014-07-02 00:00:00+00:00,36.553955078125,48.5099983215332,48.66999816894531,48.33000183105469,48.33000183105469,2825500
2014-07-03 00:00:00+00:00,36.88551712036133,48.95000076293945,48.97999954223633,48.5,48.58000183105469,1689500
2014-07-07 00:00:00+00:00,36.8629035949707,48.91999816894531,49.09000015258789,48.72999954223633,48.72999954223633,2912700
2014-07-08 00:00:00+00:00,36.81014633178711,48.849998474121094,49.040000915527344,48.52000045776367,48.52000045776367,4789800
2014-07-09 00:00:00+00:00,37.134178161621094,49.279998779296875,49.40999984741211,48.83000183105469,49.060001373291016,4378200
2014-07-10 00:00:00+00:00,36.923179626464844,49.0,49.09000015258789,48.279998779296875,48.7599983215332,4907400
2014-07-11 00:00:00+00:00,37.141700744628906,49.290000915527344,49.290000915527344,48.83000183105469,48.83000183105469,4231400
2014-07-14 00:00:00+00:00,36.8629035949707,48.91999816894531,49.529998779296875,48.86000061035156,49.439998626708984,5171500
2014-07-15 00:00:00+00:00,36.666988372802734,48.65999984741211,49.119998931884766,48.41999816894531,48.97999954223633,5461600
2014-07-16 00:00:00+00:00,36.96086502075195,49.04999923706055,49.20000076293945,48.810001373291016,49.0,4894500
2014-07-17 00:00:00+00:00,36.28268051147461,48.150001525878906,48.93000030517578,48.060001373291016,48.529998779296875,5321300
2014-07-18 00:00:00+00:00,36.78755187988281,48.81999969482422,48.970001220703125,48.16999816894531,48.41999816894531,5178800
2014-07-21 00:00:00+00:00,37.05128860473633,49.16999816894531,49.34000015258789,48.08000183105469,48.08000183105469,7681800
2014-07-22 00:00:00+00:00,37.01361083984375,49.119998931884766,49.2400016784668,48.439998626708984,49.0,8210500
2014-07-23 00:00:00+00:00,36.32035446166992,48.20000076293945,49.2400016784668,48.150001525878906,49.220001220703125,12255400
2014-07-24 00:00:00+00:00,36.06415939331055,47.86000061035156,48.61000061035156,47.779998779296875,48.5,9868300
2014-07-25 00:00:00+00:00,35.28046798706055,46.81999969482422,47.72999954223633,46.77000045776367,47.72999954223633,9472100
2014-07-28 00:00:00+00:00,35.679847717285156,47.349998474121094,47.439998626708984,46.380001068115234,46.849998474121094,11324800
2014-07-29 00:00:00+00:00,35.4675178527832,46.77000045776367,47.47999954223633,46.77000045776367,47.189998626708984,6139700
2014-07-30 00:00:00+00:00,35.81635665893555,47.22999954223633,47.380001068115234,46.7599983215332,47.0,5408200
2014-07-31 00:00:00+00:00,35.07317352294922,46.25,46.939998626708984,46.02000045776367,46.84000015258789,8564900
2014-08-01 00:00:00+00:00,35.06559371948242,46.2400016784668,46.630001068115234,46.119998931884766,46.27000045776367,7316800
2014-08-04 00:00:00+00:00,35.17935562133789,46.38999938964844,46.5099983215332,46.04999923706055,46.20000076293945,5327100
2014-08-05 00:00:00+00:00,34.87600326538086,45.9900016784668,46.459999084472656,45.91999816894531,46.459999084472656,7867500
2014-08-06 00:00:00+00:00,35.01251220703125,46.16999816894531,46.439998626708984,45.779998779296875,45.880001068115234,4940900
2014-08-07 00:00:00+00:00,34.63334655761719,45.66999816894531,46.5,45.599998474121094,46.45000076293945,6689400
2014-08-08 00:00:00+00:00,35.13385009765625,46.33000183105469,46.38999938964844,45.849998474121094,45.900001525878906,4992300
2014-08-11 00:00:00+00:00,35.26276779174805,46.5,46.81999969482422,46.20000076293945,46.20000076293945,3393300
2014-08-12 00:00:00+00:00,35.39167785644531,46.66999816894531,46.7400016784668,46.25,46.25,3788200
2014-08-13 00:00:00+00:00,35.702606201171875,47.08000183105469,47.20000076293945,46.83000183105469,47.20000076293945,5457800
2014-08-14 00:00:00+00:00,35.8390998840332,47.2599983215332,47.33000183105469,47.0099983215332,47.18000030517578,2550700
2014-08-15 00:00:00+00:00,36.06661605834961,47.560001373291016,47.72999954223633,46.9900016784668,47.66999816894531,5854100
2014-08-18 00:00:00+00:00,36.06661605834961,47.560001373291016,47.7400016784668,47.36000061035156,47.54999923706055,3806300
2014-08-19 00:00:00+00:00,36.165191650390625,47.689998626708984,47.91999816894531,47.45000076293945,47.61000061035156,3092200
2014-08-20 00:00:00+00:00,36.30928039550781,47.880001068115234,47.9900016784668,47.66999816894531,47.68000030517578,5266400
2014-08-21 00:00:00+00:00,36.5291862487793,48.16999816894531,48.22999954223633,47.79999923706055,47.939998626708984,3698600
2014-08-22 00:00:00+00:00,36.415443420410156,48.02000045776367,48.349998474121094,47.959999084472656,48.2599983215332,3196900
2014-08-25 00:00:00+00:00,35.922523498535156,47.369998931884766,48.5,47.2599983215332,48.369998931884766,4986900
2014-08-26 00:00:00+00:00,36.01352310180664,47.4900016784668,47.650001525878906,47.310001373291016,47.459999084472656,4560400
2014-08-27 00:00:00+00:00,36.23343276977539,47.779998779296875,47.84000015258789,47.22999954223633,47.619998931884766,4945900
2014-08-28 00:00:00+00:00,36.415443420410156,48.02000045776367,48.15999984741211,47.4900016784668,47.61000061035156,3427300
2014-08-29 00:00:00+00:00,36.536781311035156,48.18000030517578,48.34000015258789,47.88999938964844,48.310001373291016,3433000
2014-09-02 00:00:00+00:00,36.33202362060547,47.90999984741211,48.43000030517578,47.650001525878906,48.43000030517578,3321300
2014-09-03 00:00:00+00:00,36.66568374633789,48.349998474121094,48.369998931884766,47.90999984741211,48.310001373291016,3884300
2014-09-04 00:00:00+00:00,36.58986282348633,48.25,48.560001373291016,48.15999984741211,48.5,3480200
2014-09-05 00:00:00+00:00,36.840110778808594,48.58000183105469,48.59000015258789,48.209999084472656,48.310001373291016,3648600
2014-09-08 00:00:00+00:00,36.7718620300293,48.4900016784668,48.77000045776367,48.31999969482422,48.38999938964844,3975400
2014-09-09 00:00:00+00:00,36.61260986328125,48.279998779296875,48.52000045776367,48.20000076293945,48.38999938964844,3153700
2014-09-10 00:00:00+00:00,36.392696380615234,47.9900016784668,48.41999816894531,47.83000183105469,48.41999816894531,5503700
2014-09-11 00:00:00+00:00,36.5140266418457,48.150001525878906,48.220001220703125,47.70000076293945,47.79999923706055,3165900
2014-09-12 00:00:00+00:00,36.271358489990234,47.83000183105469,48.18000030517578,47.459999084472656,47.93000030517578,4838300
2014-09-15 00:00:00+00:00,36.0893669128418,47.59000015258789,47.95000076293945,47.11000061035156,47.11000061035156,3238700
2014-09-16 00:00:00+00:00,36.339603424072266,47.91999816894531,48.08000183105469,47.099998474121094,47.349998474121094,5499600
2014-09-17 00:00:00+00:00,36.68085861206055,48.369998931884766,48.630001068115234,47.90999984741211,47.970001220703125,3854700
2014-09-18 00:00:00+00:00,37.14344024658203,48.97999954223633,49.040000915527344,48.34000015258789,48.470001220703125,3778500
2014-09-19 00:00:00+00:00,36.96902847290039,48.75,49.369998931884766,48.650001525878906,49.0,12560600
2014-09-22 00:00:00+00:00,36.900779724121094,48.65999984741211,48.75,48.2599983215332,48.689998626708984,5756500
2014-09-23 00:00:00+00:00,36.900779724121094,48.65999984741211,48.959999084472656,48.31999969482422,48.31999969482422,5646900
2014-09-24 00:00:00+00:00,37.0145149230957,48.810001373291016,48.95000076293945,48.560001373291016,48.65999984741211,5125600
2014-09-25 00:00:00+00:00,36.50644302368164,48.13999938964844,48.84000015258789,48.060001373291016,48.7400016784668,5297300
2014-09-26 00:00:00+00:00,36.65053176879883,48.33000183105469,48.470001220703125,48.040000915527344,48.18000030517578,3601700
2014-09-29 00:00:00+00:00,36.59743881225586,48.2599983215332,48.470001220703125,47.90999984741211,48.0099983215332,3160800
2014-09-30 00:00:00+00:00,36.165191650390625,47.689998626708984,48.529998779296875,47.54999923706055,48.20000076293945,6431700
2014-10-01 00:00:00+00:00,35.55093002319336,46.880001068115234,47.720001220703125,46.81999969482422,47.5099983215332,7854600
2014-10-02 00:00:00+00:00,35.52060317993164,46.84000015258789,47.06999969482422,46.130001068115234,46.77000045776367,5616100
2014-10-03 00:00:00+00:00,35.50542449951172,46.81999969482422,47.400001525878906,46.619998931884766,47.0,5889900
2014-10-06 00:00:00+00:00,35.36135482788086,46.630001068115234,47.25,46.310001373291016,46.970001220703125,4733500
2014-10-07 00:00:00+00:00,34.89118194580078,46.0099983215332,46.52000045776367,45.900001525878906,46.369998931884766,8099700
2014-10-08 00:00:00+00:00,35.59644317626953,46.939998626708984,47.11000061035156,45.70000076293945,46.16999816894531,8036300
2014-10-09 00:00:00+00:00,34.89875030517578,46.02000045776367,47.040000915527344,45.97999954223633,46.709999084472656,8886100
2014-10-10 00:00:00+00:00,32.411407470703125,42.7400016784668,44.29999923706055,41.56999969482422,44.29999923706055,33229600
2014-10-13 00:00:00+00:00,31.797161102294922,41.93000030517578,43.150001525878906,41.470001220703125,42.56999969482422,15196200
2014-10-14 00:00:00+00:00,32.08533477783203,42.310001373291016,43.04999923706055,42.119998931884766,42.61000061035156,9357400
2014-10-15 00:00:00+00:00,32.42659378051758,42.7599983215332,43.130001068115234,41.70000076293945,41.7400016784668,14593100
2014-10-16 00:00:00+00:00,33.05598831176758,43.59000015258789,43.900001525878906,42.040000915527344,42.040000915527344,11352100
2014-10-17 00:00:00+00:00,33.11665725708008,43.66999816894531,44.619998931884766,43.58000183105469,43.95000076293945,12992200
2014-10-20 00:00:00+00:00,33.67784118652344,44.40999984741211,44.5,43.189998626708984,43.4900016784668,9502200
2014-10-21 00:00:00+00:00,35.4675178527832,46.77000045776367,46.84000015258789,45.08000183105469,45.540000915527344,15036700
2014-10-22 00:00:00+00:00,35.3537712097168,46.619998931884766,47.68000030517578,46.59000015258789,47.40999984741211,11651100
2014-10-23 00:00:00+00:00,35.641929626464844,47.0,47.43000030517578,46.84000015258789,47.18000030517578,7005900
2014-10-24 00:00:00+00:00,36.07419204711914,47.56999969482422,47.630001068115234,46.77000045776367,47.130001068115234,5606900
2014-10-27 00:00:00+00:00,36.36235046386719,47.95000076293945,48.060001373291016,47.130001068115234,47.63999938964844,7576300
2014-10-28 00:00:00+00:00,36.77944564819336,48.5,48.5,47.84000015258789,48.099998474121094,6328700
2014-10-29 00:00:00+00:00,36.90927505493164,48.33000183105469,48.560001373291016,47.9900016784668,48.130001068115234,8163900
2014-10-30 00:00:00+00:00,36.298316955566406,47.529998779296875,48.31999969482422,46.880001068115234,48.13999938964844,11485300
2014-10-31 00:00:00+00:00,37.92498016357422,49.65999984741211,50.209999084472656,48.75,49.150001525878906,14551100
2014-11-03 00:00:00+00:00,38.245731353759766,50.08000183105469,50.29999923706055,49.54999923706055,49.650001525878906,6921500
2014-11-04 00:00:00+00:00,38.49010467529297,50.400001525878906,50.459999084472656,49.75,49.970001220703125,6285500
2014-11-05 00:00:00+00:00,39.0476188659668,51.130001068115234,51.18000030517578,50.27000045776367,50.47999954223633,5302600
2014-11-06 00:00:00+00:00,38.87959671020508,50.90999984741211,51.349998474121094,50.560001373291016,51.04999923706055,6300700
2014-11-07 00:00:00+00:00,38.87196350097656,50.900001525878906,51.16999816894531,50.58000183105469,51.099998474121094,4927500
2014-11-10 00:00:00+00:00,39.37600326538086,51.560001373291016,51.630001068115234,50.849998474121094,50.900001525878906,4528100
2014-11-11 00:00:00+00:00,39.192710876464844,51.31999969482422,51.79999923706055,51.130001068115234,51.79999923706055,4269300
2014-11-12 00:00:00+00:00,39.16215896606445,51.279998779296875,51.45000076293945,50.75,51.31999969482422,4093000
2014-11-13 00:00:00+00:00,39.08578872680664,51.18000030517578,51.689998626708984,50.93000030517578,51.150001525878906,4411200
2014-11-14 00:00:00+00:00,39.429466247558594,51.630001068115234,51.650001525878906,50.880001068115234,50.880001068115234,3575000
2014-11-17 00:00:00+00:00,39.36836624145508,51.54999923706055,51.619998931884766,51.08000183105469,51.54999923706055,3218800
2014-11-18 00:00:00+00:00,39.58982849121094,51.84000015258789,52.08000183105469,51.349998474121094,51.54999923706055,4627300
2014-11-19 00:00:00+00:00,39.66620635986328,51.939998626708984,51.959999084472656,51.349998474121094,51.79999923706055,6590400
2014-11-20 00:00:00+00:00,39.88766860961914,52.22999954223633,52.2599983215332,51.5,51.75,4759900
2014-11-21 00:00:00+00:00,40.13969421386719,52.560001373291016,52.97999954223633,52.040000915527344,52.63999938964844,5287300
2014-11-24 00:00:00+00:00,40.361167907714844,52.849998474121094,53.119998931884766,52.45000076293945,53.0,3441800
2014-11-25 00:00:00+00:00,40.04804992675781,52.439998626708984,53.040000915527344,52.31999969482422,52.849998474121094,5329000
2014-11-26 00:00:00+00:00,41.49143600463867,54.33000183105469,54.349998474121094,52.5099983215332,52.529998779296875,7216700
2014-11-28 00:00:00+00:00,41.56015396118164,54.41999816894531,54.7400016784668,54.2599983215332,54.54999923706055,3628600
2014-12-01 00:00:00+00:00,41.43034362792969,54.25,54.470001220703125,53.619998931884766,54.27000045776367,5849800
2014-12-02 00:00:00+00:00,41.667076110839844,54.560001373291016,54.650001525878906,54.029998779296875,54.33000183105469,4051100
2014-12-03 00:00:00+00:00,42.476593017578125,55.619998931884766,55.68000030517578,54.54999923706055,54.86000061035156,5493600
2014-12-04 00:00:00+00:00,42.316219329833984,55.40999984741211,55.779998779296875,55.15999984741211,55.29999923706055,4114100
2014-12-05 00:00:00+00:00,42.446048736572266,55.58000183105469,55.720001220703125,55.2400016784668,55.650001525878906,3923500
2014-12-08 00:00:00+00:00,42.064208984375,55.08000183105469,56.0,54.810001373291016,55.13999938964844,5914100
2014-12-09 00:00:00+00:00,42.0107307434082,55.0099983215332,55.40999984741211,54.310001373291016,54.540000915527344,8379200
2014-12-10 00:00:00+00:00,41.315773010253906,54.099998474121094,55.20000076293945,54.029998779296875,54.91999816894531,5838100
2014-12-11 00:00:00+00:00,41.61362075805664,54.4900016784668,54.86000061035156,54.150001525878906,54.290000915527344,6517300
2014-12-12 00:00:00+00:00,40.559715270996094,53.11000061035156,54.599998474121094,52.95000076293945,53.939998626708984,8428000
2014-12-15 00:00:00+00:00,40.52916717529297,53.06999969482422,53.9900016784668,52.779998779296875,53.63999938964844,7483900
2014-12-16 00:00:00+00:00,40.070945739746094,52.470001220703125,53.7599983215332,52.41999816894531,53.0,7171500
2014-12-17 00:00:00+00:00,40.85757064819336,53.5,53.66999816894531,51.959999084472656,52.45000076293945,8881400
2014-12-18 00:00:00+00:00,41.59835433959961,54.470001220703125,54.529998779296875,54.0,54.5099983215332,8119900
2014-12-19 00:00:00+00:00,41.415061950683594,54.22999954223633,54.95000076293945,54.02000045776367,54.95000076293945,10583500
2014-12-22 00:00:00+00:00,41.865638732910156,54.81999969482422,54.95000076293945,54.33000183105469,54.4900016784668,4359900
2014-12-23 00:00:00+00:00,41.83509063720703,54.779998779296875,55.34000015258789,54.72999954223633,54.959999084472656,3507600
2014-12-24 00:00:00+00:00,41.89619064331055,54.86000061035156,55.09000015258789,54.84000015258789,54.9900016784668,1442900
2014-12-26 00:00:00+00:00,41.812164306640625,54.75,55.02000045776367,54.70000076293945,54.90999984741211,1838700
2014-12-29 00:00:00+00:00,41.5907096862793,54.459999084472656,54.810001373291016,54.380001068115234,54.70000076293945,2381000
2014-12-30 00:00:00+00:00,41.185951232910156,53.93000030517578,54.369998931884766,53.90999984741211,54.369998931884766,2626900
2014-12-31 00:00:00+00:00,40.834651947021484,53.470001220703125,54.25,53.439998626708984,54.20000076293945,4068600
2015-01-02 00:00:00+00:00,40.842288970947266,53.47999954223633,54.08000183105469,53.0099983215332,53.560001373291016,4020100
2015-01-05 00:00:00+00:00,40.20842742919922,52.650001525878906,53.4900016784668,52.599998474121094,53.189998626708984,5599300
2015-01-06 00:00:00+00:00,39.54401779174805,51.779998779296875,53.02000045776367,51.720001220703125,52.88999938964844,5468400
2015-01-07 00:00:00+00:00,40.254241943359375,52.709999084472656,52.869998931884766,51.790000915527344,52.0099983215332,4577100
2015-01-08 00:00:00+00:00,40.91101837158203,53.56999969482422,53.95000076293945,53.0099983215332,53.130001068115234,6295200
2015-01-09 00:00:00+00:00,40.93393325805664,53.599998474121094,53.97999954223633,53.09000015258789,53.47999954223633,3913700
2015-01-12 00:00:00+00:00,40.56736755371094,53.119998931884766,53.75,52.900001525878906,53.7400016784668,4282500
2015-01-13 00:00:00+00:00,40.315338134765625,52.790000915527344,54.279998779296875,52.459999084472656,53.56999969482422,5013900
2015-01-14 00:00:00+00:00,40.254241943359375,52.709999084472656,53.310001373291016,52.2400016784668,52.54999923706055,5191400
2015-01-15 00:00:00+00:00,40.00984573364258,52.38999938964844,53.2400016784668,52.20000076293945,52.90999984741211,5796300
2015-01-16 00:00:00+00:00,40.697174072265625,53.290000915527344,53.41999816894531,52.119998931884766,52.47999954223633,4988700
2015-01-20 00:00:00+00:00,41.09431076049805,53.810001373291016,54.150001525878906,53.189998626708984,53.4900016784668,7213400
2015-01-21 00:00:00+00:00,41.45323944091797,54.279998779296875,54.470001220703125,53.20000076293945,53.29999923706055,5468900
2015-01-22 00:00:00+00:00,41.98019027709961,54.970001220703125,54.97999954223633,53.34000015258789,54.31999969482422,5484200
2015-01-23 00:00:00+00:00,42.048927307128906,55.060001373291016,55.290000915527344,54.540000915527344,54.959999084472656,4856500
2015-01-26 00:00:00+00:00,42.041282653808594,55.04999923706055,55.29999923706055,54.36000061035156,54.70000076293945,6137000
2015-01-27 00:00:00+00:00,41.8732795715332,54.83000183105469,55.459999084472656,54.209999084472656,54.529998779296875,8532600
2015-01-28 00:00:00+00:00,41.45062255859375,53.939998626708984,55.25,53.849998474121094,54.75,7393500
2015-01-29 00:00:00+00:00,42.0115966796875,54.66999816894531,54.86000061035156,53.40999984741211,53.720001220703125,5044900
2015-01-30 00:00:00+00:00,41.07408142089844,53.45000076293945,54.599998474121094,53.349998474121094,53.97999954223633,12515800
2015-02-02 00:00:00+00:00,41.10481643676758,53.4900016784668,53.7599983215332,52.40999984741211,53.5,8385600
2015-02-03 00:00:00+00:00,41.83484649658203,54.439998626708984,54.47999954223633,53.61000061035156,53.709999084472656,6017400
2015-02-04 00:00:00+00:00,41.97317886352539,54.619998931884766,54.900001525878906,54.0099983215332,54.0099983215332,7962500
2015-02-05 00:00:00+00:00,42.5034065246582,55.310001373291016,55.34000015258789,54.47999954223633,54.63999938964844,5060000
2015-02-06 00:00:00+00:00,41.773372650146484,54.36000061035156,55.45000076293945,54.27000045776367,55.290000915527344,7715900
2015-02-09 00:00:00+00:00,41.704219818115234,54.27000045776367,54.7599983215332,54.029998779296875,54.310001373291016,5146400
2015-02-10 00:00:00+00:00,42.89531326293945,55.81999969482422,55.869998931884766,54.56999969482422,54.75,5654400
2015-02-11 00:00:00+00:00,43.03364944458008,56.0,56.22999954223633,55.5,55.63999938964844,4956100
2015-02-12 00:00:00+00:00,44.140220642089844,57.439998626708984,57.5,56.29999923706055,56.4900016784668,7069500
2015-02-13 00:00:00+00:00,44.547508239746094,57.970001220703125,57.97999954223633,57.209999084472656,57.599998474121094,5330900
2015-02-17 00:00:00+00:00,44.72425079345703,58.20000076293945,58.459999084472656,57.54999923706055,57.66999816894531,7962600
2015-02-18 00:00:00+00:00,44.524452209472656,57.939998626708984,58.13999938964844,57.599998474121094,57.79999923706055,3276500
2015-02-19 00:00:00+00:00,44.60129165649414,58.040000915527344,58.189998626708984,57.7400016784668,57.88999938964844,2422300
2015-02-20 00:00:00+00:00,44.970157623291016,58.52000045776367,58.540000915527344,57.59000015258789,58.040000915527344,3630300
2015-02-23 00:00:00+00:00,44.778038024902344,58.27000045776367,58.4900016784668,57.90999984741211,58.459999084472656,3053400
2015-02-24 00:00:00+00:00,45.308284759521484,58.959999084472656,59.0099983215332,58.0,58.09000015258789,4426900
2015-02-25 00:00:00+00:00,45.415870666503906,59.099998474121094,59.290000915527344,58.75,58.91999816894531,3921100
2015-02-26 00:00:00+00:00,45.66176986694336,59.41999816894531,59.4900016784668,58.90999984741211,59.27000045776367,5274000
2015-02-27 00:00:00+00:00,45.185333251953125,58.79999923706055,59.4900016784668,58.720001220703125,59.4900016784668,6494900
2015-03-02 00:00:00+00:00,46.06137466430664,59.939998626708984,59.9900016784668,58.959999084472656,59.06999969482422,4572500
2015-03-03 00:00:00+00:00,45.00858688354492,58.56999969482422,59.810001373291016,58.5,59.79999923706055,6088200
2015-03-04 00:00:00+00:00,44.81645965576172,58.31999969482422,58.66999816894531,57.86000061035156,58.52000045776367,4473900
2015-03-05 00:00:00+00:00,44.831844329833984,58.34000015258789,58.790000915527344,58.02000045776367,58.29999923706055,3685800
2015-03-06 00:00:00+00:00,44.29391860961914,57.63999938964844,58.310001373291016,57.45000076293945,58.20000076293945,4476900
2015-03-09 00:00:00+00:00,44.893310546875,58.41999816894531,58.630001068115234,57.61000061035156,57.7599983215332,4034000
2015-03-10 00:00:00+00:00,43.87894821166992,57.099998474121094,58.16999816894531,57.06999969482422,57.849998474121094,5721900
2015-03-11 00:00:00+00:00,43.932735443115234,57.16999816894531,57.77000045776367,57.119998931884766,57.43000030517578,3151500
2015-03-12 00:00:00+00:00,43.971168518066406,57.220001220703125,57.34000015258789,56.349998474121094,56.5,3707900
2015-03-13 00:00:00+00:00,43.89431381225586,57.119998931884766,57.5,56.61000061035156,57.38999938964844,4805400
2015-03-16 00:00:00+00:00,44.82415771484375,58.33000183105469,58.439998626708984,57.380001068115234,57.4900016784668,5162700
2015-03-17 00:00:00+00:00,44.547508239746094,57.970001220703125,58.22999954223633,57.47999954223633,58.189998626708984,3261200
2015-03-18 00:00:00+00:00,44.80109786987305,58.29999923706055,58.689998626708984,56.93000030517578,58.16999816894531,6239000
2015-03-19 00:00:00+00:00,44.97783279418945,58.529998779296875,58.72999954223633,58.09000015258789,58.349998474121094,3411400
2015-03-20 00:00:00+00:00,45.55419921875,59.279998779296875,59.529998779296875,58.72999954223633,58.900001525878906,9150800
2015-03-23 00:00:00+00:00,45.07774353027344,58.65999984741211,59.2599983215332,58.630001068115234,59.18000030517578,3807300
2015-03-24 00:00:00+00:00,44.9086799621582,58.439998626708984,59.02000045776367,58.40999984741211,58.790000915527344,3665700
2015-03-25 00:00:00+00:00,42.82615280151367,55.72999954223633,58.599998474121094,55.72999954223633,58.40999984741211,11204000
2015-03-26 00:00:00+00:00,42.879947662353516,55.79999923706055,56.25,54.619998931884766,55.09000015258789,6830800
2015-03-27 00:00:00+00:00,43.61767578125,56.7599983215332,57.18000030517578,55.560001373291016,55.77000045776367,5144300
2015-03-30 00:00:00+00:00,44.570556640625,58.0,58.119998931884766,56.84000015258789,57.099998474121094,5336100
2015-03-31 00:00:00+00:00,43.94810485839844,57.189998626708984,57.90999984741211,57.08000183105469,57.7400016784668,4905300
2015-04-01 00:00:00+00:00,43.4486198425293,56.540000915527344,57.22999954223633,56.22999954223633,57.04999923706055,5322900
2015-04-02 00:00:00+00:00,43.58693313598633,56.720001220703125,57.20000076293945,56.41999816894531,56.68000030517578,3545900
2015-04-06 00:00:00+00:00,43.65609359741211,56.810001373291016,57.150001525878906,55.86000061035156,56.189998626708984,3120500
2015-04-07 00:00:00+00:00,43.75600051879883,56.939998626708984,57.43000030517578,56.56999969482422,56.689998626708984,3259600
2015-04-08 00:00:00+00:00,43.7790412902832,56.970001220703125,57.290000915527344,56.560001373291016,56.79999923706055,4142200
2015-04-09 00:00:00+00:00,44.40150833129883,57.779998779296875,57.84000015258789,56.529998779296875,56.720001220703125,4362200
2015-04-10 00:00:00+00:00,44.34002685546875,57.70000076293945,57.849998474121094,57.540000915527344,57.83000183105469,3410800
2015-04-13 00:00:00+00:00,43.96347427368164,57.209999084472656,57.9900016784668,57.189998626708984,57.81999969482422,3004400
2015-04-14 00:00:00+00:00,43.6099853515625,56.75,57.40999984741211,56.58000183105469,57.150001525878906,3875100
2015-04-15 00:00:00+00:00,44.95479202270508,58.5,58.689998626708984,56.9900016784668,57.11000061035156,6654600
2015-04-16 00:00:00+00:00,44.8856315612793,58.40999984741211,58.58000183105469,58.08000183105469,58.13999938964844,4058800
2015-04-17 00:00:00+00:00,44.05569839477539,57.33000183105469,58.20000076293945,57.20000076293945,57.84000015258789,5231200
2015-04-20 00:00:00+00:00,44.701202392578125,58.16999816894531,58.529998779296875,57.599998474121094,57.599998474121094,3220400
2015-04-21 00:00:00+00:00,44.693504333496094,58.15999984741211,58.869998931884766,58.029998779296875,58.869998931884766,2853700
2015-04-22 00:00:00+00:00,45.13153839111328,58.72999954223633,58.86000061035156,57.970001220703125,58.540000915527344,4473500
2015-04-23 00:00:00+00:00,42.050018310546875,54.720001220703125,54.93000030517578,53.93000030517578,54.29999923706055,22987500
2015-04-24 00:00:00+00:00,42.05769729614258,54.72999954223633,54.83000183105469,54.130001068115234,54.68000030517578,10533600
2015-04-27 00:00:00+00:00,42.695526123046875,55.560001373291016,56.29999923706055,55.09000015258789,55.31999969482422,8397300
2015-04-28 00:00:00+00:00,42.59501647949219,55.09000015258789,55.52000045776367,54.63999938964844,55.310001373291016,6729300
2015-04-29 00:00:00+00:00,42.5408821105957,55.02000045776367,55.31999969482422,54.369998931884766,54.66999816894531,5276300
2015-04-30 00:00:00+00:00,41.91461181640625,54.209999084472656,55.150001525878906,53.91999816894531,54.90999984741211,6756900
2015-05-01 00:00:00+00:00,42.76511001586914,55.310001373291016,55.43000030517578,54.41999816894531,54.709999084472656,5726700
2015-05-04 00:00:00+00:00,42.75737380981445,55.29999923706055,55.61000061035156,55.0099983215332,55.29999923706055,4060500
2015-05-05 00:00:00+00:00,41.75996398925781,54.0099983215332,55.029998779296875,53.849998474121094,54.970001220703125,7970100
2015-05-06 00:00:00+00:00,41.520267486572266,53.70000076293945,54.54999923706055,53.34000015258789,54.130001068115234,7737300
2015-05-07 00:00:00+00:00,41.798622131347656,54.060001373291016,54.400001525878906,53.81999969482422,53.970001220703125,5846600
2015-05-08 00:00:00+00:00,42.29346466064453,54.70000076293945,55.16999816894531,54.34000015258789,54.5,4814600
2015-05-11 00:00:00+00:00,42.092430114746094,54.439998626708984,54.75,54.310001373291016,54.619998931884766,4204100
2015-05-12 00:00:00+00:00,41.883670806884766,54.16999816894531,54.59000015258789,53.75,54.20000076293945,4315500
2015-05-13 00:00:00+00:00,42.285728454589844,54.689998626708984,54.959999084472656,54.130001068115234,54.15999984741211,4332600
2015-05-14 00:00:00+00:00,42.997066497802734,55.61000061035156,55.86000061035156,55.0,55.119998931884766,4109300
2015-05-15 00:00:00+00:00,42.997066497802734,55.61000061035156,56.0,55.27000045776367,55.900001525878906,4165300
2015-05-18 00:00:00+00:00,43.1362419128418,55.790000915527344,55.900001525878906,55.279998779296875,55.5099983215332,3861300
2015-05-19 00:00:00+00:00,43.128501892089844,55.779998779296875,56.130001068115234,55.56999969482422,55.88999938964844,4848500
2015-05-20 00:00:00+00:00,43.01252746582031,55.630001068115234,56.27000045776367,55.560001373291016,55.810001373291016,4179300
2015-05-21 00:00:00+00:00,42.912017822265625,55.5,56.0,55.2599983215332,55.5099983215332,4260800
2015-05-22 00:00:00+00:00,42.81150436401367,55.369998931884766,55.599998474121094,55.22999954223633,55.22999954223633,5419700
2015-05-26 00:00:00+00:00,42.185218811035156,54.560001373291016,55.25,54.20000076293945,55.25,5312000
2015-05-27 00:00:00+00:00,43.275421142578125,55.970001220703125,56.22999954223633,54.59000015258789,54.709999084472656,7278200
2015-05-28 00:00:00+00:00,43.22901916503906,55.90999984741211,56.400001525878906,55.720001220703125,55.959999084472656,6851200
2015-05-29 00:00:00+00:00,43.23675537109375,55.91999816894531,56.34000015258789,55.56999969482422,56.02000045776367,5928700
2015-06-01 00:00:00+00:00,43.07438278198242,55.709999084472656,56.34000015258789,55.41999816894531,55.70000076293945,4576000
2015-06-02 00:00:00+00:00,42.71872329711914,55.25,55.599998474121094,54.880001068115234,55.41999816894531,4630100
2015-06-03 00:00:00+00:00,42.440364837646484,54.88999938964844,55.58000183105469,54.81999969482422,55.459999084472656,3659000
2015-06-04 00:00:00+00:00,41.73676300048828,53.97999954223633,54.880001068115234,53.83000183105469,54.65999984741211,6640700
2015-06-05 00:00:00+00:00,41.58987045288086,53.790000915527344,54.2599983215332,53.58000183105469,53.97999954223633,3650400
2015-06-08 00:00:00+00:00,40.83985900878906,52.81999969482422,53.720001220703125,52.709999084472656,53.66999816894531,4795400
2015-06-09 00:00:00+00:00,40.917179107666016,52.91999816894531,53.290000915527344,52.439998626708984,52.84000015258789,4414300
2015-06-10 00:00:00+00:00,41.899139404296875,54.189998626708984,54.38999938964844,52.91999816894531,53.13999938964844,6930600
2015-06-11 00:00:00+00:00,41.4738883972168,53.63999938964844,54.2599983215332,53.56999969482422,54.16999816894531,4711200
2015-06-12 00:00:00+00:00,40.98677444458008,53.0099983215332,53.5099983215332,52.9900016784668,53.349998474121094,4174100
2015-06-15 00:00:00+00:00,41.017696380615234,53.04999923706055,53.11000061035156,52.31999969482422,52.45000076293945,4895300
2015-06-16 00:00:00+00:00,41.04863739013672,53.09000015258789,53.20000076293945,52.65999984741211,52.90999984741211,2702200
2015-06-17 00:00:00+00:00,41.20326614379883,53.290000915527344,53.529998779296875,52.869998931884766,53.310001373291016,3465700
2015-06-18 00:00:00+00:00,41.922332763671875,54.220001220703125,54.369998931884766,53.34000015258789,53.47999954223633,5911000
2015-06-19 00:00:00+00:00,42.14656066894531,54.5099983215332,54.59000015258789,53.540000915527344,54.25,9948600
2015-06-22 00:00:00+00:00,42.912017822265625,55.5,55.52000045776367,54.619998931884766,54.619998931884766,9503400
2015-06-23 00:00:00+00:00,42.39398193359375,54.83000183105469,55.599998474121094,54.709999084472656,55.310001373291016,5055800
2015-06-24 00:00:00+00:00,41.74449920654297,53.9900016784668,54.810001373291016,53.93000030517578,54.650001525878906,4203500
2015-06-25 00:00:00+00:00,41.597599029541016,53.79999923706055,54.41999816894531,53.7400016784668,54.22999954223633,3759600
2015-06-26 00:00:00+00:00,40.9017219543457,52.900001525878906,53.75,52.43000030517578,53.38999938964844,7860300
2015-06-29 00:00:00+00:00,39.834716796875,51.52000045776367,52.65999984741211,51.470001220703125,52.560001373291016,6566400
2015-06-30 00:00:00+00:00,39.82699203491211,51.5099983215332,51.9900016784668,51.29999923706055,51.97999954223633,5260600
2015-07-01 00:00:00+00:00,40.13627243041992,51.90999984741211,52.310001373291016,51.7599983215332,52.150001525878906,9820200
2015-07-02 00:00:00+00:00,40.182655334472656,51.970001220703125,52.2400016784668,51.77000045776367,52.189998626708984,3642400
2015-07-06 00:00:00+00:00,39.73420715332031,51.38999938964844,52.0099983215332,51.060001373291016,51.45000076293945,4251200
2015-07-07 00:00:00+00:00,39.595035552978516,51.209999084472656,51.459999084472656,49.97999954223633,51.310001373291016,8205800
2015-07-08 00:00:00+00:00,38.29607391357422,49.529998779296875,50.689998626708984,49.459999084472656,50.619998931884766,11806400
2015-07-09 00:00:00+00:00,37.19816207885742,48.11000061035156,50.400001525878906,48.09000015258789,50.04999923706055,22612200
2015-07-10 00:00:00+00:00,37.894012451171875,49.0099983215332,49.27000045776367,48.599998474121094,48.93000030517578,8448900
2015-07-13 00:00:00+00:00,38.14143753051758,49.33000183105469,49.54999923706055,49.0,49.20000076293945,4937600
2015-07-14 00:00:00+00:00,38.47390365600586,49.7599983215332,50.0,49.310001373291016,49.38999938964844,6500100
2015-07-15 00:00:00+00:00,38.26515579223633,49.4900016784668,49.79999923706055,49.150001525878906,49.22999954223633,5461600
2015-07-16 00:00:00+00:00,38.164634704589844,49.36000061035156,49.650001525878906,48.779998779296875,49.47999954223633,7401200
2015-07-17 00:00:00+00:00,38.164634704589844,49.36000061035156,49.45000076293945,48.77000045776367,49.27000045776367,7021300
2015-07-20 00:00:00+00:00,38.72906494140625,50.09000015258789,51.060001373291016,49.83000183105469,51.060001373291016,8876900
2015-07-21 00:00:00+00:00,38.83730697631836,50.22999954223633,51.08000183105469,49.900001525878906,50.029998779296875,10632900
2015-07-22 00:00:00+00:00,38.11825180053711,49.29999923706055,49.63999938964844,48.0,48.29999923706055,15381500
2015-07-23 00:00:00+00:00,39.05379867553711,50.5099983215332,51.2599983215332,49.59000015258789,49.84000015258789,13271800
2015-07-24 00:00:00+00:00,37.90947723388672,49.029998779296875,50.560001373291016,48.880001068115234,50.47999954223633,10960300
2015-07-27 00:00:00+00:00,37.90947723388672,49.029998779296875,49.36000061035156,48.470001220703125,48.880001068115234,9394200
2015-07-28 00:00:00+00:00,38.72132873535156,50.08000183105469,50.56999969482422,48.849998474121094,49.150001525878906,7636600
2015-07-29 00:00:00+00:00,38.892574310302734,49.959999084472656,50.20000076293945,49.18000030517578,49.720001220703125,6855300
2015-07-30 00:00:00+00:00,39.11058044433594,50.2400016784668,50.43000030517578,49.5,49.59000015258789,5629400
2015-07-31 00:00:00+00:00,38.908164978027344,49.97999954223633,50.380001068115234,49.810001373291016,50.380001068115234,7466900
2015-08-03 00:00:00+00:00,38.993797302246094,50.09000015258789,50.2400016784668,49.70000076293945,50.08000183105469,5325800
2015-08-04 00:00:00+00:00,38.79917907714844,49.84000015258789,50.369998931884766,49.380001068115234,50.18000030517578,5746600
2015-08-05 00:00:00+00:00,39.59322738647461,50.86000061035156,51.119998931884766,50.06999969482422,50.11000061035156,7238800
2015-08-06 00:00:00+00:00,39.118350982666016,50.25,50.90999984741211,49.84000015258789,50.7599983215332,6055900
2015-08-07 00:00:00+00:00,39.172847747802734,50.31999969482422,50.380001068115234,49.65999984741211,49.83000183105469,5324400
2015-08-10 00:00:00+00:00,40.54296875,52.08000183105469,52.45000076293945,51.04999923706055,52.2400016784668,10496600
2015-08-11 00:00:00+00:00,39.42195510864258,50.63999938964844,51.54999923706055,50.34000015258789,51.540000915527344,8013000
2015-08-12 00:00:00+00:00,39.7878532409668,51.11000061035156,51.36000061035156,49.79999923706055,50.189998626708984,7268100
2015-08-13 00:00:00+00:00,39.41416931152344,50.630001068115234,51.310001373291016,50.529998779296875,51.15999984741211,4007500
2015-08-14 00:00:00+00:00,39.42195510864258,50.63999938964844,50.84000015258789,50.060001373291016,50.5,4536700
2015-08-17 00:00:00+00:00,39.624359130859375,50.900001525878906,51.029998779296875,50.18000030517578,50.45000076293945,3364000
2015-08-18 00:00:00+00:00,38.85366439819336,49.90999984741211,50.77000045776367,49.66999816894531,50.459999084472656,6978500
2015-08-19 00:00:00+00:00,38.300960540771484,49.20000076293945,50.150001525878906,49.04999923706055,50.130001068115234,6906300
2015-08-20 00:00:00+00:00,36.92306137084961,47.43000030517578,48.779998779296875,47.369998931884766,48.650001525878906,10206500
2015-08-21 00:00:00+00:00,35.77869415283203,45.959999084472656,47.630001068115234,45.959999084472656,46.959999084472656,12109500
2015-08-24 00:00:00+00:00,34.945716857910156,44.88999938964844,47.040000915527344,43.75,45.02000045776367,15487000
2015-08-25 00:00:00+00:00,33.87919616699219,43.52000045776367,46.31999969482422,43.4900016784668,46.02000045776367,14458300
2015-08-26 00:00:00+00:00,35.35053253173828,45.40999984741211,45.470001220703125,43.75,44.83000183105469,19075800
2015-08-27 00:00:00+00:00,36.63501739501953,47.060001373291016,47.150001525878906,45.5,45.779998779296875,9822000
2015-08-28 00:00:00+00:00,37.35899353027344,47.9900016784668,48.0,46.5,46.84000015258789,8242700
2015-08-31 00:00:00+00:00,37.24222946166992,47.84000015258789,48.439998626708984,47.310001373291016,47.75,10145900
2015-09-01 00:00:00+00:00,36.07452392578125,46.34000015258789,47.56999969482422,46.0099983215332,46.400001525878906,13136100
2015-09-02 00:00:00+00:00,36.86076736450195,47.349998474121094,47.349998474121094,46.40999984741211,47.2400016784668,6012600
2015-09-03 00:00:00+00:00,36.94640350341797,47.459999084472656,48.02000045776367,47.279998779296875,47.66999816894531,5289100
2015-09-04 00:00:00+00:00,36.22241973876953,46.529998779296875,47.189998626708984,46.40999984741211,46.689998626708984,6603400
2015-09-08 00:00:00+00:00,37.903934478759766,48.689998626708984,48.7599983215332,47.540000915527344,47.630001068115234,7993000
2015-09-09 00:00:00+00:00,37.06318664550781,47.61000061035156,49.630001068115234,47.470001220703125,49.02000045776367,8250100
2015-09-10 00:00:00+00:00,36.90748596191406,47.40999984741211,47.959999084472656,46.900001525878906,47.36000061035156,8543100
2015-09-11 00:00:00+00:00,37.03203201293945,47.56999969482422,47.630001068115234,46.81999969482422,47.20000076293945,6567300
2015-09-14 00:00:00+00:00,37.23444747924805,47.83000183105469,48.0,47.54999923706055,47.869998931884766,4750800
2015-09-15 00:00:00+00:00,37.60032653808594,48.29999923706055,48.7400016784668,47.65999984741211,48.0,7104300
2015-09-16 00:00:00+00:00,37.91171646118164,48.70000076293945,48.77000045776367,47.79999923706055,48.33000183105469,4624500
2015-09-17 00:00:00+00:00,37.483558654785156,48.150001525878906,49.029998779296875,48.09000015258789,48.630001068115234,5693500
2015-09-18 00:00:00+00:00,37.211090087890625,47.79999923706055,48.63999938964844,47.099998474121094,47.75,17206500
2015-09-21 00:00:00+00:00,36.938629150390625,47.45000076293945,48.08000183105469,47.04999923706055,47.869998931884766,6105200
2015-09-22 00:00:00+00:00,36.28470993041992,46.61000061035156,46.9900016784668,46.279998779296875,46.68000030517578,6161600
2015-09-23 00:00:00+00:00,36.26136016845703,46.58000183105469,46.79999923706055,46.27000045776367,46.61000061035156,4335300
2015-09-24 00:00:00+00:00,36.3936882019043,46.75,46.91999816894531,45.33000183105469,46.16999816894531,8535000
2015-09-25 00:00:00+00:00,36.72065353393555,47.16999816894531,47.54999923706055,46.79999923706055,47.02000045776367,8924200
2015-09-28 00:00:00+00:00,36.54938507080078,46.95000076293945,47.439998626708984,46.880001068115234,47.04999923706055,10728200
2015-09-29 00:00:00+00:00,37.00090026855469,47.529998779296875,47.61000061035156,46.790000915527344,47.15999984741211,7413600
2015-09-30 00:00:00+00:00,38.55006408691406,49.52000045776367,49.54999923706055,47.91999816894531,48.09000015258789,9120400
2015-10-01 00:00:00+00:00,37.70930480957031,48.439998626708984,49.869998931884766,47.88999938964844,49.84000015258789,10007400
2015-10-02 00:00:00+00:00,37.966217041015625,48.77000045776367,48.790000915527344,47.119998931884766,47.779998779296875,8229700
2015-10-05 00:00:00+00:00,39.024932861328125,50.130001068115234,50.40999984741211,49.0,49.130001068115234,6812500
2015-10-06 00:00:00+00:00,39.281822204589844,50.459999084472656,50.63999938964844,49.22999954223633,50.130001068115234,5737000
2015-10-07 00:00:00+00:00,39.73334884643555,51.040000915527344,51.599998474121094,50.310001373291016,51.0,7065300
2015-10-08 00:00:00+00:00,40.10700988769531,51.52000045776367,51.540000915527344,50.36000061035156,50.68000030517578,6431500
2015-10-09 00:00:00+00:00,39.60099411010742,50.869998931884766,51.7599983215332,50.63999938964844,51.349998474121094,5720100
2015-10-12 00:00:00+00:00,39.96688461303711,51.34000015258789,51.41999816894531,50.560001373291016,50.72999954223633,4075300
2015-10-13 00:00:00+00:00,39.63214111328125,50.90999984741211,51.41999816894531,50.810001373291016,50.9900016784668,7162000
2015-10-14 00:00:00+00:00,40.98667907714844,52.650001525878906,53.150001525878906,51.029998779296875,51.11000061035156,10558500
2015-10-15 00:00:00+00:00,40.815425872802734,52.43000030517578,53.099998474121094,52.310001373291016,52.95000076293945,7153400
2015-10-16 00:00:00+00:00,40.924407958984375,52.56999969482422,52.65999984741211,52.0,52.290000915527344,5685300
2015-10-19 00:00:00+00:00,40.97890090942383,52.63999938964844,52.93000030517578,52.2400016784668,52.560001373291016,5701700
2015-10-20 00:00:00+00:00,40.815425872802734,52.43000030517578,52.599998474121094,52.18000030517578,52.45000076293945,5666900
2015-10-21 00:00:00+00:00,40.402828216552734,51.900001525878906,53.18000030517578,51.810001373291016,52.58000183105469,8132900
2015-10-22 00:00:00+00:00,45.22158432006836,58.09000015258789,58.119998931884766,55.7400016784668,56.099998474121094,21234200
2015-10-23 00:00:00+00:00,45.9144401550293,58.97999954223633,59.66999816894531,57.56999969482422,58.150001525878906,14490000
2015-10-26 00:00:00+00:00,45.7820930480957,58.810001373291016,59.22999954223633,58.400001525878906,58.900001525878906,7634500
2015-10-27 00:00:00+00:00,45.478485107421875,58.41999816894531,59.33000183105469,58.220001220703125,58.38999938964844,8420500
2015-10-28 00:00:00+00:00,45.972137451171875,58.66999816894531,58.779998779296875,57.189998626708984,58.52000045776367,14464600
2015-10-29 00:00:00+00:00,44.326637268066406,56.56999969482422,57.83000183105469,56.310001373291016,57.7400016784668,10108900
2015-10-30 00:00:00+00:00,44.44417190551758,56.720001220703125,57.0,56.400001525878906,56.9900016784668,7503400
2015-11-02 00:00:00+00:00,44.65575408935547,56.9900016784668,57.189998626708984,56.709999084472656,56.900001525878906,5492600
2015-11-03 00:00:00+00:00,44.78110885620117,57.150001525878906,57.43000030517578,56.810001373291016,56.9900016784668,4268400
2015-11-04 00:00:00+00:00,44.62439727783203,56.95000076293945,57.40999984741211,56.79999923706055,57.209999084472656,5096000
2015-11-05 00:00:00+00:00,44.97699737548828,57.400001525878906,57.7400016784668,56.83000183105469,57.0,5768400
2015-11-06 00:00:00+00:00,45.157222747802734,57.630001068115234,57.849998474121094,56.70000076293945,57.25,6387000
2015-11-09 00:00:00+00:00,44.828121185302734,57.209999084472656,57.650001525878906,56.86000061035156,57.22999954223633,4478200
2015-11-10 00:00:00+00:00,44.68708038330078,57.029998779296875,57.220001220703125,56.380001068115234,56.4900016784668,5058700
2015-11-11 00:00:00+00:00,45.13371658325195,57.599998474121094,58.5099983215332,57.040000915527344,57.470001220703125,6291800
2015-11-12 00:00:00+00:00,44.40499496459961,56.66999816894531,57.369998931884766,56.65999984741211,57.13999938964844,4894800
2015-11-13 00:00:00+00:00,43.98186111450195,56.130001068115234,57.119998931884766,56.0099983215332,56.66999816894531,5741700
2015-11-16 00:00:00+00:00,44.56955337524414,56.880001068115234,56.88999938964844,56.0,56.02000045776367,5995100
2015-11-17 00:00:00+00:00,44.71842575073242,57.06999969482422,57.47999954223633,56.75,56.900001525878906,4265800
2015-11-18 00:00:00+00:00,45.41579818725586,57.959999084472656,58.0099983215332,56.880001068115234,57.209999084472656,4029700
2015-11-19 00:00:00+00:00,45.40796661376953,57.95000076293945,58.290000915527344,57.5,58.099998474121094,4076200
2015-11-20 00:00:00+00:00,45.541175842285156,58.119998931884766,58.349998474121094,57.810001373291016,58.349998474121094,4252500
2015-11-23 00:00:00+00:00,44.93782043457031,57.349998474121094,58.25,57.310001373291016,58.20000076293945,4296800
2015-11-24 00:00:00+00:00,45.329612731933594,57.849998474121094,57.95000076293945,56.86000061035156,57.29999923706055,4655300
2015-11-25 00:00:00+00:00,44.875144958496094,57.27000045776367,57.86000061035156,57.22999954223633,57.849998474121094,3152600
2015-11-27 00:00:00+00:00,45.09453582763672,57.54999923706055,57.77000045776367,57.0099983215332,57.279998779296875,1509500
2015-11-30 00:00:00+00:00,45.541175842285156,58.119998931884766,58.34000015258789,57.5,57.619998931884766,5866600
2015-12-01 00:00:00+00:00,45.69004821777344,58.310001373291016,58.849998474121094,57.41999816894531,57.470001220703125,5016900
2015-12-02 00:00:00+00:00,45.09453582763672,57.54999923706055,58.33000183105469,57.439998626708984,58.20000076293945,5151500
2015-12-03 00:00:00+00:00,45.20423889160156,57.689998626708984,58.220001220703125,57.119998931884766,57.970001220703125,9691600
2015-12-04 00:00:00+00:00,46.13667678833008,58.880001068115234,58.959999084472656,57.4900016784668,57.52000045776367,6414200
2015-12-07 00:00:00+00:00,45.72138977050781,58.349998474121094,58.83000183105469,58.11000061035156,58.79999923706055,3934500
2015-12-08 00:00:00+00:00,45.188568115234375,57.66999816894531,57.90999984741211,57.02000045776367,57.7599983215332,3670100
2015-12-09 00:00:00+00:00,44.47551727294922,56.7599983215332,57.66999816894531,56.290000915527344,57.5,4562000
2015-12-10 00:00:00+00:00,44.60873031616211,56.93000030517578,57.470001220703125,56.630001068115234,56.97999954223633,4317800
2015-12-11 00:00:00+00:00,44.044551849365234,56.209999084472656,56.7599983215332,56.099998474121094,56.13999938964844,5251300
2015-12-14 00:00:00+00:00,44.052391052246094,56.220001220703125,56.720001220703125,55.83000183105469,56.45000076293945,5082300
2015-12-15 00:00:00+00:00,45.09453582763672,57.54999923706055,57.939998626708984,56.849998474121094,57.29999923706055,7602400
2015-12-16 00:00:00+00:00,45.50199890136719,58.06999969482422,58.2599983215332,56.900001525878906,58.2599983215332,5920900
2015-12-17 00:00:00+00:00,44.29530334472656,56.529998779296875,58.22999954223633,56.5,58.189998626708984,6944300
2015-12-18 00:00:00+00:00,43.049415588378906,54.939998626708984,56.4900016784668,54.79999923706055,56.040000915527344,12025700
2015-12-21 00:00:00+00:00,43.73895263671875,55.81999969482422,55.83000183105469,54.93000030517578,55.349998474121094,4305600
2015-12-22 00:00:00+00:00,43.57440948486328,55.61000061035156,56.41999816894531,55.209999084472656,56.189998626708984,4412800
2015-12-23 00:00:00+00:00,44.42849349975586,56.70000076293945,56.709999084472656,55.16999816894531,56.060001373291016,5786200
2015-12-24 00:00:00+00:00,44.467674255371094,56.75,56.970001220703125,56.529998779296875,56.970001220703125,1681200
2015-12-28 00:00:00+00:00,44.20909118652344,56.41999816894531,56.66999816894531,55.77000045776367,56.40999984741211,2930100
2015-12-29 00:00:00+00:00,44.67923355102539,57.02000045776367,57.439998626708984,56.41999816894531,56.75,2753100
2015-12-30 00:00:00+00:00,44.005367279052734,56.15999984741211,57.18000030517578,56.09000015258789,57.02000045776367,3010200
2015-12-31 00:00:00+00:00,42.94755172729492,54.810001373291016,56.29999923706055,54.810001373291016,56.04999923706055,6450100
2016-01-04 00:00:00+00:00,42.57927322387695,54.34000015258789,54.34000015258789,53.369998931884766,53.54999923706055,7915400
2016-01-05 00:00:00+00:00,42.13262939453125,53.77000045776367,54.470001220703125,53.54999923706055,54.27000045776367,6131900
2016-01-06 00:00:00+00:00,41.8583869934082,53.41999816894531,53.88999938964844,52.720001220703125,52.95000076293945,8520800
2016-01-07 00:00:00+00:00,40.51064682006836,51.70000076293945,52.95000076293945,51.369998931884766,52.38999938964844,10526700
2016-01-08 00:00:00+00:00,39.46065902709961,50.36000061035156,51.97999954223633,50.2400016784668,51.52000045776367,9620000
2016-01-11 00:00:00+00:00,40.12670135498047,51.209999084472656,51.5,50.47999954223633,50.83000183105469,7000500
2016-01-12 00:00:00+00:00,40.37743377685547,51.529998779296875,51.84000015258789,50.83000183105469,51.72999954223633,5075800
2016-01-13 00:00:00+00:00,39.03752899169922,49.81999969482422,51.810001373291016,49.79999923706055,51.52000045776367,6882200
2016-01-14 00:00:00+00:00,39.20207595825195,50.029998779296875,50.66999816894531,49.529998779296875,49.97999954223633,10440500
2016-01-15 00:00:00+00:00,37.63493728637695,48.029998779296875,48.689998626708984,46.72999954223633,47.88999938964844,15871600
2016-01-19 00:00:00+00:00,37.7838134765625,48.220001220703125,48.93000030517578,47.810001373291016,48.619998931884766,9048800
2016-01-20 00:00:00+00:00,38.4028434753418,49.0099983215332,49.279998779296875,47.400001525878906,47.90999984741211,13430800
2016-01-21 00:00:00+00:00,39.045372009277344,49.83000183105469,50.86000061035156,49.0099983215332,49.65999984741211,10093900
2016-01-22 00:00:00+00:00,39.41364669799805,50.29999923706055,51.22999954223633,50.13999938964844,50.84000015258789,6335600
2016-01-25 00:00:00+00:00,39.24126052856445,50.08000183105469,51.0099983215332,50.0,50.349998474121094,7651300
2016-01-26 00:00:00+00:00,39.72707748413086,50.70000076293945,51.060001373291016,50.029998779296875,50.380001068115234,7710200
2016-01-27 00:00:00+00:00,39.703556060791016,50.66999816894531,51.56999969482422,49.970001220703125,50.40999984741211,9791200
2016-01-28 00:00:00+00:00,40.36674499511719,51.130001068115234,52.0,50.38999938964844,50.68000030517578,10033300
2016-01-29 00:00:00+00:00,41.7878303527832,52.93000030517578,52.939998626708984,50.9900016784668,51.31999969482422,10469100
2016-02-01 00:00:00+00:00,41.7088737487793,52.83000183105469,53.27000045776367,52.29999923706055,52.29999923706055,6336700
2016-02-02 00:00:00+00:00,39.979888916015625,50.63999938964844,52.5,50.63999938964844,52.119998931884766,9460500
2016-02-03 00:00:00+00:00,39.671974182128906,50.25,50.709999084472656,49.099998474121094,50.150001525878906,11309400
2016-02-04 00:00:00+00:00,40.46936798095703,51.2599983215332,51.619998931884766,50.0099983215332,50.459999084472656,9795800
2016-02-05 00:00:00+00:00,39.3798828125,49.880001068115234,51.40999984741211,49.5099983215332,51.20000076293945,7929800
2016-02-08 00:00:00+00:00,40.18515396118164,50.900001525878906,51.22999954223633,49.099998474121094,49.2599983215332,15765600
2016-02-09 00:00:00+00:00,40.011478424072266,50.68000030517578,51.630001068115234,50.09000015258789,50.529998779296875,7321700
2016-02-10 00:00:00+00:00,40.066734313964844,50.75,51.70000076293945,50.59000015258789,51.33000183105469,7329600
2016-02-11 00:00:00+00:00,39.774620056152344,50.380001068115234,50.779998779296875,49.7400016784668,49.849998474121094,6121400
2016-02-12 00:00:00+00:00,40.374629974365234,51.13999938964844,51.400001525878906,49.9900016784668,51.060001373291016,8060600
2016-02-16 00:00:00+00:00,41.47991943359375,52.540000915527344,52.77000045776367,51.13999938964844,51.13999938964844,6567400
2016-02-17 00:00:00+00:00,42.38783645629883,53.689998626708984,53.720001220703125,52.72999954223633,52.959999084472656,6244700
2016-02-18 00:00:00+00:00,41.89046096801758,53.060001373291016,53.81999969482422,53.0,53.63999938964844,6004200
2016-02-19 00:00:00+00:00,41.65361404418945,52.7599983215332,52.939998626708984,52.40999984741211,52.83000183105469,6300700
2016-02-22 00:00:00+00:00,42.079933166503906,53.29999923706055,53.58000183105469,53.04999923706055,53.290000915527344,4350900
2016-02-23 00:00:00+00:00,41.243072509765625,52.2400016784668,53.369998931884766,52.119998931884766,53.029998779296875,3888500
2016-02-24 00:00:00+00:00,41.416748046875,52.459999084472656,52.58000183105469,51.310001373291016,51.83000183105469,5341500
2016-02-25 00:00:00+00:00,41.92992401123047,53.11000061035156,53.11000061035156,51.86000061035156,52.810001373291016,3917500
2016-02-26 00:00:00+00:00,42.079933166503906,53.29999923706055,53.5,53.11000061035156,53.4900016784668,3533100
2016-02-29 00:00:00+00:00,41.858882904052734,53.02000045776367,53.83000183105469,52.970001220703125,53.400001525878906,4450400
2016-03-01 00:00:00+00:00,42.80626678466797,54.220001220703125,54.220001220703125,53.0,53.470001220703125,4958800
2016-03-02 00:00:00+00:00,42.96417999267578,54.41999816894531,54.630001068115234,53.97999954223633,54.34000015258789,4163600
2016-03-03 00:00:00+00:00,43.31943893432617,54.869998931884766,54.93000030517578,54.06999969482422,54.59000015258789,4045900
2016-03-04 00:00:00+00:00,43.33522415161133,54.88999938964844,55.27000045776367,54.400001525878906,55.0,4248100
2016-03-07 00:00:00+00:00,43.808921813964844,55.4900016784668,55.540000915527344,54.4900016784668,54.540000915527344,3747600
2016-03-08 00:00:00+00:00,43.05101776123047,54.529998779296875,55.150001525878906,54.41999816894531,54.9900016784668,4480600
2016-03-09 00:00:00+00:00,43.224700927734375,54.75,55.13999938964844,54.540000915527344,54.70000076293945,3641700
2016-03-10 00:00:00+00:00,43.808921813964844,55.4900016784668,55.63999938964844,54.619998931884766,55.45000076293945,4838400
2016-03-11 00:00:00+00:00,44.258934020996094,56.060001373291016,56.209999084472656,55.75,55.93000030517578,5031600
2016-03-14 00:00:00+00:00,43.90366744995117,55.61000061035156,56.0,55.2599983215332,55.79999923706055,3477200
2016-03-15 00:00:00+00:00,43.9984130859375,55.72999954223633,55.7400016784668,55.06999969482422,55.41999816894531,3407500
2016-03-16 00:00:00+00:00,44.322086334228516,56.13999938964844,56.279998779296875,55.349998474121094,55.70000076293945,3449900
2016-03-17 00:00:00+00:00,44.685264587402344,56.599998474121094,56.810001373291016,55.91999816894531,55.93000030517578,4530500
2016-03-18 00:00:00+00:00,45.072113037109375,57.09000015258789,57.25,56.52000045776367,56.790000915527344,7924900
2016-03-21 00:00:00+00:00,45.016841888427734,57.02000045776367,57.060001373291016,56.380001068115234,56.900001525878906,3085500
2016-03-22 00:00:00+00:00,44.922115325927734,56.900001525878906,57.20000076293945,56.52000045776367,56.7400016784668,3514900
2016-03-23 00:00:00+00:00,44.685264587402344,56.599998474121094,56.9900016784668,56.54999923706055,56.970001220703125,3220900
2016-03-24 00:00:00+00:00,44.76421356201172,56.70000076293945,56.72999954223633,56.189998626708984,56.4900016784668,2279600
2016-03-28 00:00:00+00:00,44.62210464477539,56.52000045776367,57.150001525878906,56.34000015258789,57.04999923706055,2240400
2016-03-29 00:00:00+00:00,45.32475280761719,57.40999984741211,57.5099983215332,56.08000183105469,56.459999084472656,4013800
2016-03-30 00:00:00+00:00,46.08266067504883,58.369998931884766,58.779998779296875,57.58000183105469,57.72999954223633,5026700
2016-03-31 00:00:00+00:00,45.3326416015625,57.41999816894531,58.209999084472656,57.369998931884766,58.119998931884766,5410400
2016-04-01 00:00:00+00:00,45.7431755065918,57.939998626708984,58.0,57.130001068115234,57.4900016784668,4542600
2016-04-04 00:00:00+00:00,45.56949996948242,57.720001220703125,58.0,57.560001373291016,57.790000915527344,3423700
2016-04-05 00:00:00+00:00,45.56159973144531,57.709999084472656,58.279998779296875,57.380001068115234,57.54999923706055,4455900
2016-04-06 00:00:00+00:00,46.07476806640625,58.36000061035156,58.369998931884766,57.25,57.59000015258789,3684300
2016-04-07 00:00:00+00:00,45.119483947753906,57.150001525878906,58.08000183105469,56.97999954223633,57.84000015258789,4228600
2016-04-08 00:00:00+00:00,45.70370864868164,57.88999938964844,58.08000183105469,57.56999969482422,57.56999969482422,3211100
2016-04-11 00:00:00+00:00,45.648441314697266,57.81999969482422,58.63999938964844,57.790000915527344,57.900001525878906,3663600
2016-04-12 00:00:00+00:00,46.13792419433594,58.439998626708984,58.66999816894531,57.43000030517578,57.81999969482422,4476600
2016-04-13 00:00:00+00:00,46.714256286621094,59.16999816894531,59.2599983215332,58.41999816894531,58.720001220703125,5053400
2016-04-14 00:00:00+00:00,46.75373458862305,59.220001220703125,59.27000045776367,58.130001068115234,58.77000045776367,4920100
2016-04-15 00:00:00+00:00,46.52478790283203,58.93000030517578,59.470001220703125,58.7599983215332,59.470001220703125,4690300
2016-04-18 00:00:00+00:00,46.54057312011719,58.95000076293945,59.06999969482422,58.619998931884766,58.63999938964844,4430700
2016-04-19 00:00:00+00:00,46.12214279174805,58.41999816894531,59.310001373291016,57.77000045776367,58.869998931884766,6246800
2016-04-20 00:00:00+00:00,46.61952209472656,59.04999923706055,59.470001220703125,58.11000061035156,58.59000015258789,4673400
2016-04-21 00:00:00+00:00,46.46951675415039,58.86000061035156,59.130001068115234,58.54999923706055,58.88999938964844,3376700
2016-04-22 00:00:00+00:00,46.32741165161133,58.68000030517578,59.599998474121094,58.439998626708984,58.810001373291016,5359900
2016-04-25 00:00:00+00:00,46.59584045410156,59.02000045776367,59.130001068115234,58.619998931884766,58.709999084472656,4670200
2016-04-26 00:00:00+00:00,46.89583969116211,59.400001525878906,59.93000030517578,59.06999969482422,59.150001525878906,3928800
2016-04-27 00:00:00+00:00,47.30637741088867,59.91999816894531,60.0,58.7599983215332,59.029998779296875,7123900
2016-04-28 00:00:00+00:00,46.63103485107422,58.689998626708984,60.599998474121094,58.4900016784668,60.0,9417800
2016-04-29 00:00:00+00:00,45.320045471191406,57.040000915527344,58.20000076293945,56.83000183105469,57.709999084472656,10774700
2016-05-02 00:00:00+00:00,45.9636344909668,57.849998474121094,57.959999084472656,56.95000076293945,57.29999923706055,6464200
2016-05-03 00:00:00+00:00,45.447181701660156,57.20000076293945,57.59000015258789,57.0,57.220001220703125,5696400
2016-05-04 00:00:00+00:00,44.83537673950195,56.43000030517578,57.20000076293945,56.33000183105469,56.95000076293945,5081900
2016-05-05 00:00:00+00:00,45.00225067138672,56.63999938964844,57.09000015258789,56.34000015258789,56.529998779296875,4078200
2016-05-06 00:00:00+00:00,45.447181701660156,57.20000076293945,57.29999923706055,56.189998626708984,56.2400016784668,8054500
2016-05-09 00:00:00+00:00,45.21676254272461,56.90999984741211,57.529998779296875,56.880001068115234,57.16999816894531,3773500
2016-05-10 00:00:00+00:00,45.788822174072266,57.630001068115234,57.65999984741211,56.790000915527344,57.119998931884766,4545600
2016-05-11 00:00:00+00:00,45.788822174072266,57.630001068115234,58.16999816894531,57.45000076293945,57.619998931884766,4494200
2016-05-12 00:00:00+00:00,45.4154052734375,57.15999984741211,58.0,56.58000183105469,57.790000915527344,5183200
2016-05-13 00:00:00+00:00,45.383609771728516,57.119998931884766,57.599998474121094,56.97999954223633,57.08000183105469,4062800
2016-05-16 00:00:00+00:00,46.09869384765625,58.02000045776367,58.5099983215332,57.27000045776367,57.459999084472656,4265300
2016-05-17 00:00:00+00:00,45.62991714477539,57.43000030517578,58.150001525878906,57.16999816894531,57.7400016784668,4713900
2016-05-18 00:00:00+00:00,46.09075164794922,58.0099983215332,58.5099983215332,57.18000030517578,57.22999954223633,4676900
2016-05-19 00:00:00+00:00,45.47101593017578,57.22999954223633,57.880001068115234,56.790000915527344,57.540000915527344,4326500
2016-05-20 00:00:00+00:00,46.50389099121094,58.529998779296875,58.83000183105469,57.470001220703125,57.4900016784668,6337000
2016-05-23 00:00:00+00:00,46.66280746459961,58.72999954223633,59.279998779296875,58.599998474121094,58.810001373291016,3690900
2016-05-24 00:00:00+00:00,47.74336624145508,60.09000015258789,60.18000030517578,58.97999954223633,58.9900016784668,4544700
2016-05-25 00:00:00+00:00,48.021446228027344,60.439998626708984,60.5099983215332,59.970001220703125,60.150001525878906,5785100
2016-05-26 00:00:00+00:00,48.28364562988281,60.77000045776367,60.81999969482422,60.150001525878906,60.349998474121094,3367000
2016-05-27 00:00:00+00:00,48.482276916503906,61.02000045776367,61.08000183105469,60.650001525878906,60.81999969482422,3807100
2016-05-31 00:00:00+00:00,48.14857482910156,60.599998474121094,61.209999084472656,60.290000915527344,61.02000045776367,6196400
2016-06-01 00:00:00+00:00,48.52201461791992,61.06999969482422,61.2400016784668,60.209999084472656,60.5099983215332,4011100
2016-06-02 00:00:00+00:00,48.27570724487305,60.7599983215332,60.93000030517578,60.43000030517578,60.84000015258789,3583300
2016-06-03 00:00:00+00:00,48.09296417236328,60.529998779296875,61.16999816894531,60.150001525878906,61.16999816894531,2749500
2016-06-06 00:00:00+00:00,48.696807861328125,61.290000915527344,61.470001220703125,60.54999923706055,60.68000030517578,8259200
2016-06-07 00:00:00+00:00,48.91133499145508,61.560001373291016,61.77000045776367,61.400001525878906,61.5,5021200
2016-06-08 00:00:00+00:00,49.32449722290039,62.08000183105469,62.290000915527344,61.59000015258789,61.599998474121094,4749700
2016-06-09 00:00:00+00:00,49.37216567993164,62.13999938964844,62.290000915527344,61.5099983215332,62.290000915527344,5285600
2016-06-10 00:00:00+00:00,49.18941116333008,61.90999984741211,62.18000030517578,61.31999969482422,61.40999984741211,7484700
2016-06-13 00:00:00+00:00,48.88749313354492,61.529998779296875,62.310001373291016,61.40999984741211,61.79999923706055,6697300
2016-06-14 00:00:00+00:00,49.181461334228516,61.900001525878906,62.11000061035156,61.209999084472656,61.529998779296875,5170300
2016-06-15 00:00:00+00:00,49.014625549316406,61.689998626708984,62.279998779296875,61.41999816894531,62.27000045776367,4943600
2016-06-16 00:00:00+00:00,49.30859375,62.060001373291016,62.130001068115234,61.09000015258789,61.38999938964844,3632600
2016-06-17 00:00:00+00:00,48.95900344848633,61.619998931884766,62.130001068115234,60.900001525878906,62.08000183105469,6101300
2016-06-20 00:00:00+00:00,49.26887512207031,62.0099983215332,62.59000015258789,61.959999084472656,62.43000030517578,4023600
2016-06-21 00:00:00+00:00,49.29270553588867,62.040000915527344,62.349998474121094,61.790000915527344,62.150001525878906,3462200
2016-06-22 00:00:00+00:00,49.30859375,62.060001373291016,62.529998779296875,61.93000030517578,62.33000183105469,4112700
2016-06-23 00:00:00+00:00,50.29381561279297,63.29999923706055,63.310001373291016,62.369998931884766,62.650001525878906,3638100
2016-06-24 00:00:00+00:00,48.100914001464844,60.540000915527344,61.900001525878906,60.36000061035156,60.5099983215332,8505700
2016-06-27 00:00:00+00:00,46.93294906616211,59.06999969482422,60.0,58.61000061035156,59.869998931884766,7459800
2016-06-28 00:00:00+00:00,47.886383056640625,60.27000045776367,60.29999923706055,59.099998474121094,59.40999984741211,5163300
2016-06-29 00:00:00+00:00,48.6650276184082,61.25,61.310001373291016,60.400001525878906,60.70000076293945,6690500
2016-06-30 00:00:00+00:00,49.77737808227539,62.650001525878906,62.650001525878906,61.15999984741211,61.5099983215332,6632000
2016-07-01 00:00:00+00:00,49.34832000732422,62.11000061035156,62.439998626708984,61.88999938964844,62.33000183105469,4934500
2016-07-05 00:00:00+00:00,48.6650276184082,61.25,61.84000015258789,60.9900016784668,61.59000015258789,5538700
2016-07-06 00:00:00+00:00,48.51407241821289,61.060001373291016,61.349998474121094,60.459999084472656,60.9900016784668,6064100
2016-07-07 00:00:00+00:00,49.07816696166992,61.77000045776367,61.939998626708984,61.040000915527344,61.06999969482422,6876800
2016-07-08 00:00:00+00:00,50.26998519897461,63.27000045776367,63.279998779296875,62.04999923706055,62.290000915527344,5345300
2016-07-11 00:00:00+00:00,50.37328338623047,63.400001525878906,63.880001068115234,63.2599983215332,63.5,4533900
2016-07-12 00:00:00+00:00,51.15190887451172,64.37999725341797,64.41000366210938,63.72999954223633,63.77000045776367,5405100
2016-07-13 00:00:00+00:00,51.279048919677734,64.54000091552734,64.80000305175781,64.3499984741211,64.54000091552734,4068500
2016-07-14 00:00:00+00:00,51.49355697631836,64.80999755859375,65.22000122070312,64.7300033569336,65.0,3999900
2016-07-15 00:00:00+00:00,51.525325775146484,64.8499984741211,65.26000213623047,64.54000091552734,65.26000213623047,5952300
2016-07-18 00:00:00+00:00,51.79547119140625,65.19000244140625,65.5199966430664,64.8499984741211,64.8499984741211,3452500
2016-07-19 00:00:00+00:00,51.596858978271484,64.94000244140625,65.26000213623047,64.76000213623047,64.88999938964844,3065900
2016-07-20 00:00:00+00:00,52.00205612182617,65.44999694824219,65.68000030517578,65.0,65.31999969482422,4744100
2016-07-21 00:00:00+00:00,51.57302474975586,64.91000366210938,65.5,64.80000305175781,65.38999938964844,5391700
2016-07-22 00:00:00+00:00,52.03383255004883,65.48999786376953,65.66999816894531,64.73999786376953,65.12999725341797,5555900
2016-07-25 00:00:00+00:00,52.61384963989258,66.22000122070312,66.22000122070312,65.31999969482422,65.5,9945900
2016-07-26 00:00:00+00:00,56.74538803100586,71.41999816894531,72.58000183105469,69.93000030517578,70.6500015258789,22033100
2016-07-27 00:00:00+00:00,56.62623596191406,71.2699966430664,71.56999969482422,70.16000366210938,70.9800033569336,13973400
2016-07-28 00:00:00+00:00,56.09902572631836,70.2300033569336,70.80999755859375,69.83000183105469,70.62999725341797,9143200
2016-07-29 00:00:00+00:00,55.71560287475586,69.75,70.47000122070312,69.62999725341797,70.31999969482422,7963100
2016-08-01 00:00:00+00:00,55.8194465637207,69.87999725341797,70.26000213623047,69.5199966430664,69.83000183105469,5983000
2016-08-02 00:00:00+00:00,54.99668502807617,68.8499984741211,69.87999725341797,68.44000244140625,69.69000244140625,6391300
2016-08-03 00:00:00+00:00,55.02064514160156,68.87999725341797,69.08999633789062,68.51000213623047,68.83999633789062,4231800
2016-08-04 00:00:00+00:00,55.60377502441406,69.61000061035156,69.70999908447266,68.54000091552734,69.5,4382100
2016-08-05 00:00:00+00:00,56.03511428833008,70.1500015258789,70.20999908447266,69.70999908447266,70.0,4547400
2016-08-08 00:00:00+00:00,56.02713394165039,70.13999938964844,70.31999969482422,69.98999786376953,70.02999877929688,4865900
2016-08-09 00:00:00+00:00,56.1150016784668,70.25,70.8499984741211,70.16999816894531,70.41999816894531,3434300
2016-08-10 00:00:00+00:00,55.82746124267578,69.88999938964844,70.30999755859375,69.80999755859375,70.2300033569336,5012500
2016-08-11 00:00:00+00:00,55.91530227661133,70.0,70.19999694824219,69.7699966430664,70.0,3002900
2016-08-12 00:00:00+00:00,55.78749084472656,69.83999633789062,70.22000122070312,69.77999877929688,70.0,3445000
2016-08-15 00:00:00+00:00,56.17891311645508,70.33000183105469,70.69999694824219,69.93000030517578,70.19000244140625,4148800
2016-08-16 00:00:00+00:00,55.771514892578125,69.81999969482422,70.33000183105469,69.81999969482422,70.08999633789062,3682600
2016-08-17 00:00:00+00:00,55.771514892578125,69.81999969482422,70.0199966430664,69.54000091552734,69.91999816894531,5914700
2016-08-18 00:00:00+00:00,56.01914978027344,70.12999725341797,70.16999816894531,69.79000091552734,69.9800033569336,3816700
2016-08-19 00:00:00+00:00,56.1309700012207,70.2699966430664,70.54000091552734,69.94000244140625,70.12000274658203,3482000
2016-08-22 00:00:00+00:00,55.91530227661133,70.0,70.61000061035156,69.83999633789062,70.3499984741211,4361400
2016-08-23 00:00:00+00:00,55.899322509765625,69.9800033569336,70.54000091552734,69.93000030517578,70.41999816894531,4779200
2016-08-24 00:00:00+00:00,55.83542251586914,69.9000015258789,70.22000122070312,69.70999908447266,70.11000061035156,3749300
2016-08-25 00:00:00+00:00,55.771514892578125,69.81999969482422,70.05999755859375,69.69999694824219,69.9000015258789,3044900
2016-08-26 00:00:00+00:00,55.71560287475586,69.75,70.3499984741211,69.4000015258789,69.98999786376953,4160900
2016-08-29 00:00:00+00:00,55.899322509765625,69.9800033569336,70.37000274658203,69.8499984741211,69.9000015258789,3669100
2016-08-30 00:00:00+00:00,55.364139556884766,69.30999755859375,70.19999694824219,69.08999633789062,70.0,4382800
2016-08-31 00:00:00+00:00,55.54785919189453,69.54000091552734,69.61000061035156,69.2300033569336,69.36000061035156,3870200
2016-09-01 00:00:00+00:00,55.6756706237793,69.69999694824219,69.79000091552734,68.30000305175781,68.77999877929688,4536000
2016-09-02 00:00:00+00:00,55.659690856933594,69.68000030517578,70.0999984741211,69.26000213623047,70.0199966430664,4584200
2016-09-06 00:00:00+00:00,55.74754333496094,69.79000091552734,70.02999877929688,69.26000213623047,69.93000030517578,3870300
2016-09-07 00:00:00+00:00,55.50790786743164,69.48999786376953,70.0,69.26000213623047,69.75,4214100
2016-09-08 00:00:00+00:00,55.10851287841797,68.98999786376953,69.41000366210938,68.69999694824219,69.23999786376953,4151600
2016-09-09 00:00:00+00:00,53.25532913208008,66.66999816894531,68.41999816894531,66.66999816894531,68.19000244140625,6995600
2016-09-12 00:00:00+00:00,54.26980209350586,67.94000244140625,68.0199966430664,66.30000305175781,66.30999755859375,6049900
2016-09-13 00:00:00+00:00,53.878379821777344,67.44999694824219,68.55000305175781,67.2699966430664,68.01000213623047,5472600
2016-09-14 00:00:00+00:00,54.149986267089844,67.79000091552734,68.06999969482422,67.22000122070312,67.45999908447266,4011500
2016-09-15 00:00:00+00:00,55.2922477722168,69.22000122070312,69.36000061035156,67.5999984741211,67.80000305175781,6257900
2016-09-16 00:00:00+00:00,55.40406799316406,69.36000061035156,69.97000122070312,68.4800033569336,69.97000122070312,6506200
2016-09-19 00:00:00+00:00,55.54785919189453,69.54000091552734,70.29000091552734,69.29000091552734,69.83000183105469,4100600
2016-09-20 00:00:00+00:00,55.26029586791992,69.18000030517578,69.9000015258789,69.01000213623047,69.7699966430664,3026700
2016-09-21 00:00:00+00:00,55.563838958740234,69.55999755859375,69.70999908447266,68.83000183105469,69.41000366210938,4202100
2016-09-22 00:00:00+00:00,55.72359848022461,69.76000213623047,70.12999725341797,69.47000122070312,70.01000213623047,3566300
2016-09-23 00:00:00+00:00,55.10054397583008,68.9800033569336,70.0,68.9800033569336,70.0,3088100
2016-09-26 00:00:00+00:00,54.653221130371094,68.41999816894531,68.7699966430664,68.12999725341797,68.55000305175781,3475600
2016-09-27 00:00:00+00:00,55.475975036621094,69.44999694824219,69.47000122070312,68.08000183105469,68.38999938964844,4560200
2016-09-28 00:00:00+00:00,55.707618713378906,69.73999786376953,69.77999877929688,69.22000122070312,69.4000015258789,3241300
2016-09-29 00:00:00+00:00,55.78749084472656,69.83999633789062,70.27999877929688,69.22000122070312,69.62999725341797,4337900
2016-09-30 00:00:00+00:00,56.05908203125,70.18000030517578,70.58000183105469,69.83999633789062,69.94999694824219,5071000
2016-10-03 00:00:00+00:00,55.64371109008789,69.66000366210938,70.26000213623047,69.47000122070312,70.08000183105469,3627800
2016-10-04 00:00:00+00:00,55.5877799987793,69.58999633789062,69.91000366210938,69.0999984741211,69.66000366210938,4089500
2016-10-05 00:00:00+00:00,56.39457702636719,70.5999984741211,70.83999633789062,69.01000213623047,69.8499984741211,4789600
2016-10-06 00:00:00+00:00,56.68213653564453,70.95999908447266,71.0,70.02999877929688,70.44000244140625,4061500
2016-10-07 00:00:00+00:00,56.6102409362793,70.87000274658203,71.05999755859375,70.44999694824219,71.0,3673600
2016-10-10 00:00:00+00:00,55.85938262939453,69.93000030517578,71.33000183105469,69.9000015258789,71.08000183105469,4893200
2016-10-11 00:00:00+00:00,54.924808502197266,68.76000213623047,69.97000122070312,68.05999755859375,69.93000030517578,5204400
2016-10-12 00:00:00+00:00,54.68515396118164,68.45999908447266,68.83000183105469,67.98999786376953,68.83000183105469,3563900
2016-10-13 00:00:00+00:00,54.13399887084961,67.7699966430664,67.95999908447266,67.05999755859375,67.91000366210938,3897700
2016-10-14 00:00:00+00:00,54.709129333496094,68.48999786376953,69.22000122070312,68.20999908447266,68.2699966430664,4329300
2016-10-17 00:00:00+00:00,54.653221130371094,68.41999816894531,68.98999786376953,68.37000274658203,68.5,2620900
2016-10-18 00:00:00+00:00,55.31620407104492,69.25,69.93000030517578,69.16999816894531,69.86000061035156,3590700
2016-10-19 00:00:00+00:00,55.50790786743164,69.48999786376953,69.61000061035156,68.5999984741211,68.88999938964844,5530800
2016-10-20 00:00:00+00:00,55.71560287475586,69.75,70.05000305175781,68.7699966430664,69.41999816894531,3850400
2016-10-21 00:00:00+00:00,55.89134216308594,69.97000122070312,70.04000091552734,68.80000305175781,69.41000366210938,7027500
2016-10-24 00:00:00+00:00,57.257259368896484,71.68000030517578,71.73999786376953,70.2300033569336,70.26000213623047,5888000
2016-10-25 00:00:00+00:00,56.87384033203125,71.19999694824219,71.8499984741211,71.08000183105469,71.56999969482422,4614200
2016-10-26 00:00:00+00:00,57.28124237060547,71.70999908447266,71.94000244140625,70.7699966430664,71.0,8151000
2016-10-27 00:00:00+00:00,56.49842071533203,70.7300033569336,72.18000030517578,70.41000366210938,71.4000015258789,9627000
2016-10-28 00:00:00+00:00,56.55434036254883,70.80000305175781,71.69000244140625,70.5199966430664,70.95999908447266,6360100
2016-10-31 00:00:00+00:00,56.594276428222656,70.8499984741211,71.44000244140625,70.80000305175781,71.30999755859375,5411400
2016-11-01 00:00:00+00:00,55.46796798706055,69.44000244140625,71.12999725341797,68.91999816894531,71.12999725341797,7375300
2016-11-02 00:00:00+00:00,54.98869323730469,68.83999633789062,69.94999694824219,68.72000122070312,69.56999969482422,6516800
2016-11-03 00:00:00+00:00,54.634674072265625,67.9000015258789,68.72000122070312,67.52999877929688,68.69999694824219,6723600
2016-11-04 00:00:00+00:00,54.39329147338867,67.5999984741211,68.0,66.80000305175781,66.87999725341797,6056300
2016-11-07 00:00:00+00:00,55.52781295776367,69.01000213623047,69.4800033569336,68.29000091552734,68.83000183105469,5751100
2016-11-08 00:00:00+00:00,56.187618255615234,69.83000183105469,69.97000122070312,68.94999694824219,69.01000213623047,5409600
2016-11-09 00:00:00+00:00,56.155418395996094,69.79000091552734,69.94999694824219,67.5999984741211,67.80000305175781,5697800
2016-11-10 00:00:00+00:00,55.63241195678711,69.13999938964844,70.72000122070312,68.12999725341797,70.0,7190600
2016-11-11 00:00:00+00:00,56.20371627807617,69.8499984741211,70.05999755859375,69.0,69.0199966430664,4974900
2016-11-14 00:00:00+00:00,56.34048843383789,70.0199966430664,70.3499984741211,69.63999938964844,70.13999938964844,6493000
2016-11-15 00:00:00+00:00,57.153167724609375,71.02999877929688,71.36000061035156,70.05000305175781,70.19999694824219,4736500
2016-11-16 00:00:00+00:00,57.28995895385742,71.19999694824219,71.30000305175781,70.55999755859375,71.01000213623047,4880400
2016-11-17 00:00:00+00:00,57.998043060302734,72.08000183105469,72.27999877929688,70.62999725341797,71.16999816894531,3773800
2016-11-18 00:00:00+00:00,58.41645050048828,72.5999984741211,73.1500015258789,71.75,71.83999633789062,5484200
2016-11-21 00:00:00+00:00,59.28544998168945,73.68000030517578,73.7300033569336,72.69999694824219,72.75,5447000
2016-11-22 00:00:00+00:00,59.86479187011719,74.4000015258789,74.63999938964844,74.02999877929688,74.08999633789062,6824100
2016-11-23 00:00:00+00:00,59.591217041015625,74.05999755859375,74.55000305175781,73.91999816894531,74.37999725341797,3995500
2016-11-25 00:00:00+00:00,59.888938903808594,74.43000030517578,74.61000061035156,73.7300033569336,73.87000274658203,1978800
2016-11-28 00:00:00+00:00,59.969398498535156,74.52999877929688,74.88999938964844,74.04000091552734,74.29000091552734,4512000
2016-11-29 00:00:00+00:00,59.86479187011719,74.4000015258789,75.25,74.2300033569336,74.66000366210938,6347000
2016-11-30 00:00:00+00:00,59.48661804199219,73.93000030517578,74.69000244140625,73.93000030517578,74.66999816894531,6768200
2016-12-01 00:00:00+00:00,56.6543083190918,70.41000366210938,73.91000366210938,69.95999908447266,73.87999725341797,9631100
2016-12-02 00:00:00+00:00,56.90373229980469,70.72000122070312,71.16000366210938,69.91999816894531,69.98999786376953,5946400
2016-12-05 00:00:00+00:00,56.734764099121094,70.51000213623047,71.52999877929688,70.37999725341797,71.33999633789062,6405100
2016-12-06 00:00:00+00:00,57.426761627197266,71.37000274658203,71.38999938964844,70.61000061035156,71.11000061035156,7039800
2016-12-07 00:00:00+00:00,58.09459686279297,72.19999694824219,72.43000030517578,71.12000274658203,71.5,6045900
2016-12-08 00:00:00+00:00,58.038265228271484,72.12999725341797,72.58000183105469,71.87999725341797,72.31999969482422,5473600
2016-12-09 00:00:00+00:00,57.925621032714844,71.98999786376953,72.6500015258789,71.55999755859375,72.3499984741211,6101200
2016-12-12 00:00:00+00:00,57.71642303466797,71.7300033569336,71.93000030517578,71.19000244140625,71.88999938964844,3340600
2016-12-13 00:00:00+00:00,58.89922332763672,73.19999694824219,73.5999984741211,71.7699966430664,71.94999694824219,6950900
2016-12-14 00:00:00+00:00,58.33600997924805,72.5,73.69999694824219,72.4000015258789,73.55000305175781,6474100
2016-12-15 00:00:00+00:00,59.100372314453125,73.44999694824219,73.58999633789062,72.44999694824219,72.7300033569336,5079500
2016-12-16 00:00:00+00:00,58.6497802734375,72.88999938964844,73.75,72.68000030517578,73.36000061035156,6478700
2016-12-19 00:00:00+00:00,59.196922302246094,73.56999969482422,74.08000183105469,72.95999908447266,73.11000061035156,3818000
2016-12-20 00:00:00+00:00,59.575103759765625,74.04000091552734,74.19000244140625,73.5999984741211,73.93000030517578,3182000
2016-12-21 00:00:00+00:00,59.67971420288086,74.16999816894531,74.72000122070312,74.13999938964844,74.22000122070312,4272200
2016-12-22 00:00:00+00:00,59.703853607177734,74.19999694824219,74.31999969482422,73.75,74.25,3470700
2016-12-23 00:00:00+00:00,59.84870910644531,74.37999725341797,74.38999938964844,74.0,74.11000061035156,1690800
2016-12-27 00:00:00+00:00,60.24297332763672,74.87000274658203,75.1500015258789,74.16000366210938,74.41999816894531,2037200
2016-12-28 00:00:00+00:00,59.58315658569336,74.05000305175781,75.05000305175781,73.9800033569336,74.95999908447266,2683400
2016-12-29 00:00:00+00:00,59.66364288330078,74.1500015258789,74.4000015258789,73.80000305175781,73.83999633789062,3292600
2016-12-30 00:00:00+00:00,58.71416091918945,72.97000122070312,74.45999908447266,72.7699966430664,74.43000030517578,4311800
2017-01-03 00:00:00+00:00,59.204994201660156,73.58000183105469,74.30999755859375,73.05000305175781,73.52999877929688,4847900
2017-01-04 00:00:00+00:00,59.13257598876953,73.48999786376953,73.97000122070312,73.25,73.6500015258789,4507100
2017-01-05 00:00:00+00:00,58.67393493652344,72.91999816894531,73.69999694824219,72.88999938964844,73.29000091552734,4301100
2017-01-06 00:00:00+00:00,59.66364288330078,74.1500015258789,74.27999877929688,72.47000122070312,72.87999725341797,5244600
2017-01-09 00:00:00+00:00,59.81650161743164,74.33999633789062,75.22000122070312,74.16999816894531,74.51000213623047,4782900
2017-01-10 00:00:00+00:00,60.025726318359375,74.5999984741211,74.83000183105469,74.05999755859375,74.62000274658203,3712500
2017-01-11 00:00:00+00:00,60.50849533081055,75.19999694824219,75.19999694824219,74.45999908447266,74.63999938964844,4361400
2017-01-12 00:00:00+00:00,60.226863861083984,74.8499984741211,75.13999938964844,74.08999633789062,75.0,4408200
2017-01-13 00:00:00+00:00,60.347557067871094,75.0,75.30000305175781,74.7300033569336,74.83000183105469,3372500
2017-01-17 00:00:00+00:00,59.937198638916016,74.48999786376953,74.94999694824219,74.29000091552734,74.66999816894531,4413100
2017-01-18 00:00:00+00:00,59.84870910644531,74.37999725341797,74.83999633789062,74.25,74.7300033569336,5531400
2017-01-19 00:00:00+00:00,59.446372985839844,73.87999725341797,74.80999755859375,73.87000274658203,74.22000122070312,4468500
2017-01-20 00:00:00+00:00,60.14642333984375,74.75,74.88999938964844,74.16000366210938,74.16000366210938,6661400
2017-01-23 00:00:00+00:00,60.93496322631836,75.7300033569336,75.73999786376953,74.63999938964844,74.80000305175781,6895100
2017-01-24 00:00:00+00:00,62.02119445800781,77.08000183105469,77.31999969482422,75.91000366210938,76.19000244140625,8561600
2017-01-25 00:00:00+00:00,63.22816848754883,78.58000183105469,78.72000122070312,77.19000244140625,77.72000122070312,8112800
2017-01-26 00:00:00+00:00,63.77532958984375,79.26000213623047,79.47000122070312,78.01000213623047,78.0199966430664,8991500
2017-01-27 00:00:00+00:00,63.1842041015625,78.02999877929688,79.44999694824219,77.73999786376953,79.05999755859375,9737300
2017-01-30 00:00:00+00:00,63.07896041870117,77.9000015258789,78.08000183105469,77.3499984741211,77.5199966430664,8355200
2017-01-31 00:00:00+00:00,61.167938232421875,75.54000091552734,77.54000091552734,75.25,77.4000015258789,11129400
2017-02-01 00:00:00+00:00,61.75907516479492,76.2699966430664,76.87000274658203,75.86000061035156,76.05999755859375,7815800
2017-02-02 00:00:00+00:00,61.451358795166016,75.88999938964844,76.0999984741211,75.33999633789062,75.61000061035156,4434500
2017-02-03 00:00:00+00:00,61.945308685302734,76.5,76.55999755859375,76.02999877929688,76.29000091552734,4547000
2017-02-06 00:00:00+00:00,61.718570709228516,76.22000122070312,76.47000122070312,75.8499984741211,76.37999725341797,4633000
2017-02-07 00:00:00+00:00,61.68617248535156,76.18000030517578,76.75,76.04000091552734,76.37000274658203,4500900
2017-02-08 00:00:00+00:00,61.499942779541016,75.94999694824219,76.55000305175781,75.91999816894531,76.48999786376953,5864700
2017-02-09 00:00:00+00:00,60.97361755371094,75.30000305175781,76.3499984741211,75.2699966430664,76.30000305175781,6950500
2017-02-10 00:00:00+00:00,60.8602409362793,75.16000366210938,75.66000366210938,74.5199966430664,75.62000274658203,6289400
2017-02-13 00:00:00+00:00,61.15175247192383,75.5199966430664,75.73999786376953,75.38999938964844,75.52999877929688,5466200
2017-02-14 00:00:00+00:00,61.248924255371094,75.63999938964844,75.63999938964844,75.30000305175781,75.45999908447266,3999800
2017-02-15 00:00:00+00:00,61.27320861816406,75.66999816894531,75.80999755859375,74.93000030517578,75.6500015258789,5731500
2017-02-16 00:00:00+00:00,61.742855072021484,76.25,76.31999969482422,75.5199966430664,75.80000305175781,4882000
2017-02-17 00:00:00+00:00,61.8967170715332,76.44000244140625,76.44000244140625,75.66000366210938,76.11000061035156,3955300
2017-02-21 00:00:00+00:00,62.414920806884766,77.08000183105469,77.12999725341797,76.58999633789062,76.79000091552734,5104700
2017-02-22 00:00:00+00:00,62.536407470703125,77.2300033569336,77.27999877929688,76.80000305175781,77.19999694824219,4056600
2017-02-23 00:00:00+00:00,62.463523864746094,77.13999938964844,77.37999725341797,76.69000244140625,77.2300033569336,4921700
2017-02-24 00:00:00+00:00,62.544498443603516,77.23999786376953,77.23999786376953,76.4000015258789,76.94000244140625,3516600
2017-02-27 00:00:00+00:00,62.50401306152344,77.19000244140625,77.33999633789062,76.76000213623047,77.30999755859375,3055400
2017-02-28 00:00:00+00:00,62.04246139526367,76.62000274658203,77.16999816894531,76.45999908447266,77.05999755859375,4770500
2017-03-01 00:00:00+00:00,63.2813835144043,78.1500015258789,78.18000030517578,76.68000030517578,77.12999725341797,5332500
2017-03-02 00:00:00+00:00,63.22468948364258,78.08000183105469,78.76000213623047,77.94000244140625,78.36000061035156,7605500
2017-03-03 00:00:00+00:00,63.04655456542969,77.86000061035156,78.19999694824219,77.45999908447266,78.19999694824219,3994800
2017-03-06 00:00:00+00:00,63.41092300415039,78.30999755859375,78.45999908447266,77.4000015258789,77.69000244140625,4066400
2017-03-07 00:00:00+00:00,64.06681823730469,79.12000274658203,80.37000274658203,78.20999908447266,78.3499984741211,10556800
2017-03-08 00:00:00+00:00,64.24497985839844,79.33999633789062,79.94000244140625,79.16000366210938,79.44000244140625,5386500
2017-03-09 00:00:00+00:00,64.07494354248047,79.12999725341797,79.79000091552734,78.80000305175781,79.48999786376953,4255400
2017-03-10 00:00:00+00:00,65.04661560058594,80.33000183105469,80.62999725341797,79.30000305175781,79.72000122070312,5118200
2017-03-13 00:00:00+00:00,65.60531616210938,81.0199966430664,81.08999633789062,80.18000030517578,80.31999969482422,6082600
2017-03-14 00:00:00+00:00,65.66201782226562,81.08999633789062,81.20999908447266,80.62000274658203,80.94999694824219,4271400
2017-03-15 00:00:00+00:00,66.25311279296875,81.81999969482422,81.94999694824219,80.95999908447266,81.41999816894531,3668800
2017-03-16 00:00:00+00:00,66.16405487060547,81.70999908447266,82.18000030517578,81.37999725341797,81.98999786376953,4195600
2017-03-17 00:00:00+00:00,66.56082153320312,82.19999694824219,82.44000244140625,81.44000244140625,82.23999786376953,9231700
2017-03-20 00:00:00+00:00,66.06688690185547,81.58999633789062,82.2699966430664,81.54000091552734,81.98999786376953,4383000
2017-03-21 00:00:00+00:00,64.57697296142578,79.75,82.08000183105469,79.66999816894531,81.93000030517578,6221000
2017-03-22 00:00:00+00:00,65.338134765625,80.69000244140625,80.79000091552734,79.58000183105469,80.08999633789062,4307300
2017-03-23 00:00:00+00:00,65.3219223022461,80.66999816894531,81.04000091552734,80.2300033569336,80.69000244140625,3335200
2017-03-24 00:00:00+00:00,65.25714111328125,80.58999633789062,82.05000305175781,80.43000030517578,81.91999816894531,4100300
2017-03-27 00:00:00+00:00,65.20854187011719,80.52999877929688,80.81999969482422,79.70999908447266,79.94999694824219,3260800
2017-03-28 00:00:00+00:00,65.2733383178711,80.61000061035156,80.98999786376953,80.22000122070312,80.30000305175781,3577900
2017-03-29 00:00:00+00:00,65.17615509033203,80.48999786376953,80.66000366210938,80.26000213623047,80.3499984741211,2811600
2017-03-30 00:00:00+00:00,65.62153625488281,81.04000091552734,81.08000183105469,80.2300033569336,80.2300033569336,3372800
2017-03-31 00:00:00+00:00,65.23284149169922,80.55999755859375,81.1500015258789,80.54000091552734,80.79000091552734,3760900
2017-04-03 00:00:00+00:00,65.07093048095703,80.36000061035156,81.5,79.79000091552734,80.87000274658203,4563900
2017-04-04 00:00:00+00:00,65.26525115966797,80.5999984741211,80.66999816894531,80.11000061035156,80.11000061035156,2761500
2017-04-05 00:00:00+00:00,64.84418487548828,80.08000183105469,81.18000030517578,79.9800033569336,80.5999984741211,3547900
2017-04-06 00:00:00+00:00,64.86036682128906,80.0999984741211,80.37000274658203,79.4000015258789,79.9800033569336,4177700
2017-04-07 00:00:00+00:00,65.20854187011719,80.52999877929688,80.91999816894531,80.08000183105469,80.30000305175781,2686800
2017-04-10 00:00:00+00:00,64.88468170166016,80.12999725341797,80.76000213623047,79.91999816894531,80.41999816894531,3314700
2017-04-11 00:00:00+00:00,64.30164337158203,79.41000366210938,79.87999725341797,78.19999694824219,79.87999725341797,5321300
2017-04-12 00:00:00+00:00,63.548583984375,78.4800033569336,79.68000030517578,78.19999694824219,79.4800033569336,6335000
2017-04-13 00:00:00+00:00,63.03034973144531,77.83999633789062,79.33000183105469,77.83000183105469,78.47000122070312,4658300
2017-04-17 00:00:00+00:00,63.74293518066406,78.72000122070312,78.75,78.12000274658203,78.30000305175781,4462400
2017-04-18 00:00:00+00:00,64.4636001586914,79.61000061035156,79.83999633789062,78.3499984741211,78.51000213623047,4528900
2017-04-19 00:00:00+00:00,64.26927947998047,79.37000274658203,80.66000366210938,79.27999877929688,79.95999908447266,4673700
2017-04-20 00:00:00+00:00,65.39479064941406,80.76000213623047,80.88999938964844,79.51000213623047,79.72000122070312,3586300
2017-04-21 00:00:00+00:00,64.62554168701172,79.80999755859375,80.41000366210938,79.23999786376953,79.58000183105469,6314400
2017-04-24 00:00:00+00:00,65.65391540527344,81.08000183105469,81.51000213623047,80.8499984741211,81.0199966430664,5129200
2017-04-25 00:00:00+00:00,66.69039154052734,82.36000061035156,82.43000030517578,81.11000061035156,81.30000305175781,7604100
2017-04-26 00:00:00+00:00,65.67821502685547,81.11000061035156,82.91999816894531,80.79000091552734,82.16999816894531,6763900
2017-04-27 00:00:00+00:00,65.83300018310547,80.80000305175781,81.2699966430664,80.36000061035156,80.75,5762500
2017-04-28 00:00:00+00:00,64.51310729980469,79.18000030517578,81.04000091552734,78.6500015258789,81.04000091552734,10521800
2017-05-01 00:00:00+00:00,64.60272216796875,79.29000091552734,79.5,78.4000015258789,79.25,5065500
2017-05-02 00:00:00+00:00,64.57011413574219,79.25,79.41000366210938,78.79000091552734,79.16000366210938,6234500
2017-05-03 00:00:00+00:00,64.99381256103516,79.7699966430664,79.93000030517578,79.0,79.19999694824219,4665000
2017-05-04 00:00:00+00:00,64.61087036132812,79.30000305175781,80.02999877929688,79.08000183105469,79.9800033569336,3241300
2017-05-05 00:00:00+00:00,64.8797378540039,79.62999725341797,79.63999938964844,79.13999938964844,79.44999694824219,3653900
2017-05-08 00:00:00+00:00,64.74124908447266,79.45999908447266,79.81999969482422,79.36000061035156,79.69999694824219,2776600
2017-05-09 00:00:00+00:00,64.73307800292969,79.44999694824219,79.83000183105469,79.2699966430664,79.37999725341797,4433900
2017-05-10 00:00:00+00:00,65.58043670654297,80.48999786376953,80.66999816894531,79.7699966430664,79.9800033569336,5180400
2017-05-11 00:00:00+00:00,65.50711822509766,80.4000015258789,80.68000030517578,79.6500015258789,80.19999694824219,3168400
2017-05-12 00:00:00+00:00,65.74339294433594,80.69000244140625,80.7699966430664,80.27999877929688,80.7699966430664,2648900
2017-05-15 00:00:00+00:00,66.44408416748047,81.55000305175781,81.62000274658203,80.45999908447266,80.6500015258789,3596100
2017-05-16 00:00:00+00:00,67.03070831298828,82.2699966430664,82.31999969482422,81.44999694824219,81.87999725341797,3918500
2017-05-17 00:00:00+00:00,64.10572814941406,78.68000030517578,82.05999755859375,78.61000061035156,81.54000091552734,6401800
2017-05-18 00:00:00+00:00,64.55382537841797,79.2300033569336,79.69000244140625,78.41999816894531,78.91999816894531,4930900
2017-05-19 00:00:00+00:00,65.42562866210938,80.30000305175781,81.04000091552734,79.30000305175781,79.38999938964844,7506600
2017-05-22 00:00:00+00:00,65.48265838623047,80.37000274658203,80.93000030517578,80.05000305175781,80.4800033569336,3672100
2017-05-23 00:00:00+00:00,64.92863464355469,79.69000244140625,80.55000305175781,79.44999694824219,80.5,3683700
2017-05-24 00:00:00+00:00,65.2219467163086,80.05000305175781,80.30000305175781,79.73999786376953,80.30000305175781,3671500
2017-05-25 00:00:00+00:00,65.82487487792969,80.79000091552734,80.98999786376953,79.9800033569336,80.48999786376953,3226100
2017-05-26 00:00:00+00:00,66.09373474121094,81.12000274658203,81.18000030517578,80.31999969482422,80.86000061035156,2812200
2017-05-30 00:00:00+00:00,66.78630065917969,81.97000122070312,82.19999694824219,81.0,81.0,3258100
2017-05-31 00:00:00+00:00,67.20997619628906,82.48999786376953,83.23999786376953,82.18000030517578,82.19999694824219,6503900
2017-06-01 00:00:00+00:00,66.39521026611328,81.48999786376953,82.86000061035156,81.22000122070312,82.61000061035156,4320100
2017-06-02 00:00:00+00:00,66.50926971435547,81.62999725341797,81.97000122070312,80.86000061035156,81.95999908447266,4725900
2017-06-05 00:00:00+00:00,66.72112274169922,81.88999938964844,82.37999725341797,81.66000366210938,81.66000366210938,2589900
2017-06-06 00:00:00+00:00,66.98997497558594,82.22000122070312,82.87999725341797,81.51000213623047,81.6500015258789,3279300
2017-06-07 00:00:00+00:00,67.53585815429688,82.88999938964844,83.43000030517578,82.29000091552734,82.80000305175781,3763000
2017-06-08 00:00:00+00:00,68.71727752685547,84.33999633789062,84.36000061035156,82.62000274658203,83.19999694824219,4410200
2017-06-09 00:00:00+00:00,65.91448974609375,80.9000015258789,84.6500015258789,79.94000244140625,84.2300033569336,6815700
2017-06-12 00:00:00+00:00,66.03670501708984,81.05000305175781,81.31999969482422,79.66999816894531,79.81999969482422,6746200
2017-06-13 00:00:00+00:00,65.98780822753906,80.98999786376953,81.80000305175781,80.5999984741211,81.41000366210938,4324800
2017-06-14 00:00:00+00:00,65.31157684326172,80.16000366210938,81.48999786376953,79.44000244140625,81.26000213623047,3944200
2017-06-15 00:00:00+00:00,65.24639892578125,80.08000183105469,80.4000015258789,79.22000122070312,79.3499984741211,3061900
2017-06-16 00:00:00+00:00,64.93678283691406,79.69999694824219,80.2300033569336,79.0199966430664,79.8499984741211,6246800
2017-06-19 00:00:00+00:00,66.33818054199219,81.41999816894531,81.44999694824219,80.27999877929688,80.37000274658203,3569100
2017-06-20 00:00:00+00:00,64.83086395263672,79.56999969482422,81.2300033569336,79.54000091552734,81.16000366210938,3831300
2017-06-21 00:00:00+00:00,64.9123306274414,79.66999816894531,79.91999816894531,79.2300033569336,79.69999694824219,4318600
2017-06-22 00:00:00+00:00,64.40718841552734,79.05000305175781,80.05000305175781,78.94999694824219,79.94999694824219,3327400
2017-06-23 00:00:00+00:00,64.83899688720703,79.58000183105469,80.0199966430664,78.63999938964844,79.05999755859375,4052600
2017-06-26 00:00:00+00:00,63.804229736328125,78.30999755859375,80.08999633789062,78.23999786376953,80.04000091552734,4913100
2017-06-27 00:00:00+00:00,62.69615936279297,76.94999694824219,78.2699966430664,76.94000244140625,78.0,5797000
2017-06-28 00:00:00+00:00,63.600547790527344,78.05999755859375,78.20999908447266,76.94999694824219,77.61000061035156,6362100
2017-06-29 00:00:00+00:00,62.655426025390625,76.9000015258789,77.93000030517578,75.91999816894531,77.5,6644600
2017-06-30 00:00:00+00:00,62.67987823486328,76.93000030517578,77.69000244140625,76.61000061035156,77.69000244140625,4696100
2017-07-03 00:00:00+00:00,62.25619888305664,76.41000366210938,77.63999938964844,76.4000015258789,77.44999694824219,3494200
2017-07-05 00:00:00+00:00,62.663570404052734,76.91000366210938,77.51000213623047,76.23999786376953,76.62999725341797,6680800
2017-07-06 00:00:00+00:00,62.622840881347656,76.86000061035156,77.69000244140625,76.19000244140625,76.19000244140625,5047000
2017-07-07 00:00:00+00:00,63.9427604675293,78.4800033569336,78.66000366210938,77.30999755859375,77.30999755859375,5342900
2017-07-10 00:00:00+00:00,64.18717193603516,78.77999877929688,79.08999633789062,77.93000030517578,78.43000030517578,3611500
2017-07-11 00:00:00+00:00,64.39903259277344,79.04000091552734,79.1500015258789,78.27999877929688,78.77999877929688,2729200
2017-07-12 00:00:00+00:00,65.60488891601562,80.5199966430664,80.54000091552734,79.45999908447266,79.45999908447266,3891700
2017-07-13 00:00:00+00:00,65.62118530273438,80.54000091552734,80.9800033569336,80.2699966430664,80.41000366210938,3372800
2017-07-14 00:00:00+00:00,66.81073760986328,82.0,82.11000061035156,80.8499984741211,80.94999694824219,3654700
2017-07-17 00:00:00+00:00,66.53370666503906,81.66000366210938,82.0,81.4800033569336,81.81999969482422,2972700
2017-07-18 00:00:00+00:00,66.94110870361328,82.16000366210938,82.20999908447266,81.1500015258789,81.5,2773500
2017-07-19 00:00:00+00:00,66.94110870361328,82.16000366210938,82.69999694824219,81.86000061035156,82.48999786376953,3133500
2017-07-20 00:00:00+00:00,67.37293243408203,82.69000244140625,82.80999755859375,81.86000061035156,82.19999694824219,3766700
2017-07-21 00:00:00+00:00,66.5663070678711,81.69999694824219,82.0,81.0,81.45999908447266,4597600
2017-07-24 00:00:00+00:00,65.9307861328125,80.91999816894531,81.87000274658203,80.5999984741211,81.86000061035156,4350900
2017-07-25 00:00:00+00:00,66.31373596191406,81.38999938964844,81.93000030517578,80.58000183105469,81.05000305175781,6439700
2017-07-26 00:00:00+00:00,67.24256896972656,82.52999877929688,84.23999786376953,81.95999908447266,83.0,6983000
2017-07-27 00:00:00+00:00,66.37362670898438,80.97000122070312,82.52999877929688,80.08999633789062,82.12999725341797,7152200
2017-07-28 00:00:00+00:00,66.1605224609375,80.70999908447266,81.04000091552734,80.05000305175781,80.41999816894531,5228000
2017-07-31 00:00:00+00:00,66.709716796875,81.37999725341797,81.66000366210938,80.77999877929688,80.83000183105469,5954600
2017-08-01 00:00:00+00:00,66.98023223876953,81.70999908447266,81.83999633789062,81.0199966430664,81.5999984741211,3366100
2017-08-02 00:00:00+00:00,66.65235137939453,81.30999755859375,82.01000213623047,80.63999938964844,82.01000213623047,3179800
2017-08-03 00:00:00+00:00,66.6933364868164,81.36000061035156,81.7300033569336,80.97000122070312,81.30000305175781,2748500
2017-08-04 00:00:00+00:00,66.7507095336914,81.43000030517578,81.95999908447266,81.25,81.62999725341797,2325200
2017-08-07 00:00:00+00:00,67.3573226928711,82.16999816894531,82.19999694824219,81.44000244140625,81.44000244140625,2827700
2017-08-08 00:00:00+00:00,67.58686065673828,82.44999694824219,83.69000244140625,81.88999938964844,81.98999786376953,7184600
2017-08-09 00:00:00+00:00,67.4474868774414,82.27999877929688,82.30999755859375,81.37999725341797,81.97000122070312,4274000
2017-08-10 00:00:00+00:00,65.87364196777344,80.36000061035156,82.0,80.27999877929688,81.80000305175781,4469200
2017-08-11 00:00:00+00:00,66.30807495117188,80.88999938964844,81.33999633789062,80.43000030517578,80.58000183105469,3426100
2017-08-14 00:00:00+00:00,67.25894927978516,82.05000305175781,82.20999908447266,81.19999694824219,81.4800033569336,3788600
2017-08-15 00:00:00+00:00,67.17698669433594,81.94999694824219,82.30999755859375,81.69000244140625,82.06999969482422,3750300
2017-08-16 00:00:00+00:00,67.59504699707031,82.45999908447266,82.66000366210938,81.94999694824219,82.41999816894531,3291900
2017-08-17 00:00:00+00:00,65.70146942138672,80.1500015258789,82.16000366210938,80.08999633789062,81.94999694824219,4151500
2017-08-18 00:00:00+00:00,65.55391693115234,79.97000122070312,80.69000244140625,79.94000244140625,80.08999633789062,3626000
2017-08-21 00:00:00+00:00,65.48832702636719,79.88999938964844,80.23999786376953,79.5999984741211,80.13999938964844,3347300
2017-08-22 00:00:00+00:00,66.19330596923828,80.75,81.12999725341797,80.05999755859375,80.33999633789062,4359200
2017-08-23 00:00:00+00:00,66.30807495117188,80.88999938964844,81.12000274658203,80.06999969482422,80.23999786376953,4109300
2017-08-24 00:00:00+00:00,66.60317993164062,81.25,81.5,80.81999969482422,81.16000366210938,3511100
2017-08-25 00:00:00+00:00,66.38185119628906,80.9800033569336,81.9000015258789,80.94000244140625,81.58000183105469,2627700
2017-08-28 00:00:00+00:00,66.20148468017578,80.76000213623047,81.66000366210938,80.58000183105469,81.44000244140625,3088500
2017-08-29 00:00:00+00:00,66.42283630371094,81.02999877929688,81.25,80.02999877929688,80.08000183105469,3729600
2017-08-30 00:00:00+00:00,67.47209930419922,82.30999755859375,82.41000366210938,81.0999984741211,81.20999908447266,4522200
2017-08-31 00:00:00+00:00,67.89013671875,82.81999969482422,82.94999694824219,82.12999725341797,82.44000244140625,4411300
2017-09-01 00:00:00+00:00,67.66062927246094,82.54000091552734,83.11000061035156,82.37999725341797,82.73999786376953,2665200
2017-09-05 00:00:00+00:00,67.09500885009766,81.8499984741211,82.48999786376953,81.2699966430664,82.31999969482422,3691900
2017-09-06 00:00:00+00:00,67.27536010742188,82.06999969482422,82.37000274658203,81.58999633789062,82.23999786376953,3682700
2017-09-07 00:00:00+00:00,67.21797180175781,82.0,83.98999786376953,81.79000091552734,82.44999694824219,3599900
2017-09-08 00:00:00+00:00,66.709716796875,81.37999725341797,82.04000091552734,81.25,81.9800033569336,2505600
2017-09-11 00:00:00+00:00,67.39830017089844,82.22000122070312,82.7300033569336,81.80999755859375,81.9000015258789,3916800
2017-09-12 00:00:00+00:00,67.947509765625,82.88999938964844,82.94999694824219,82.16000366210938,82.33999633789062,4596300
2017-09-13 00:00:00+00:00,67.7917709350586,82.69999694824219,82.94000244140625,82.27999877929688,82.83999633789062,2626800
2017-09-14 00:00:00+00:00,68.27542877197266,83.29000091552734,83.66999816894531,82.4000015258789,82.4000015258789,3503300
2017-09-15 00:00:00+00:00,69.54601287841797,84.83999633789062,85.02999877929688,82.87000274658203,83.13999938964844,10333200
2017-09-18 00:00:00+00:00,70.6116714477539,86.13999938964844,86.47000122070312,84.88999938964844,85.0,5593600
2017-09-19 00:00:00+00:00,71.1608657836914,86.80999755859375,87.23999786376953,85.63999938964844,86.37000274658203,4036800
2017-09-20 00:00:00+00:00,70.35753631591797,85.83000183105469,87.0,84.4800033569336,87.0,4922800
2017-09-21 00:00:00+00:00,70.53788757324219,86.05000305175781,86.58999633789062,85.66999816894531,86.0199966430664,4863900
2017-09-22 00:00:00+00:00,72.35768127441406,88.2699966430664,88.44999694824219,86.5,86.58999633789062,6440900
2017-09-25 00:00:00+00:00,71.72649383544922,87.5,88.08000183105469,86.91999816894531,87.6500015258789,5625600
2017-09-26 00:00:00+00:00,71.89043426513672,87.69999694824219,88.29000091552734,87.44999694824219,87.98999786376953,3121200
2017-09-27 00:00:00+00:00,72.80032348632812,88.80999755859375,89.1500015258789,87.8499984741211,88.4800033569336,3806900
2017-09-28 00:00:00+00:00,73.4889144897461,89.6500015258789,89.66000366210938,88.3499984741211,88.44000244140625,5332700
2017-09-29 00:00:00+00:00,73.4807357788086,89.63999938964844,89.88999938964844,89.08999633789062,89.7699966430664,3283500
2017-10-02 00:00:00+00:00,73.4889144897461,89.6500015258789,90.23999786376953,89.30999755859375,89.87999725341797,3280600
2017-10-03 00:00:00+00:00,73.72662353515625,89.94000244140625,90.23999786376953,89.5,89.6500015258789,2374800
2017-10-04 00:00:00+00:00,74.17748260498047,90.48999786376953,90.55999755859375,89.58000183105469,89.9000015258789,3933300
2017-10-05 00:00:00+00:00,74.71029663085938,91.13999938964844,91.30000305175781,90.11000061035156,90.55000305175781,3241800
2017-10-06 00:00:00+00:00,74.8824462890625,91.3499984741211,91.54000091552734,90.73999786376953,90.73999786376953,2335000
2017-10-09 00:00:00+00:00,75.07099151611328,91.58000183105469,91.86000061035156,91.30999755859375,91.61000061035156,1749800
2017-10-10 00:00:00+00:00,75.72677612304688,92.37999725341797,92.41000366210938,91.47000122070312,91.97000122070312,2810500
2017-10-11 00:00:00+00:00,76.12845611572266,92.87000274658203,92.91999816894531,91.72000122070312,91.98999786376953,3161900
2017-10-12 00:00:00+00:00,75.92352294921875,92.62000274658203,93.30999755859375,92.58999633789062,92.87999725341797,3537900
2017-10-13 00:00:00+00:00,76.7186508178711,93.58999633789062,93.7300033569336,92.80000305175781,93.08999633789062,2674800
2017-10-16 00:00:00+00:00,77.2432861328125,94.2300033569336,94.41000366210938,93.66999816894531,94.20999908447266,3111900
2017-10-17 00:00:00+00:00,77.27608489990234,94.2699966430664,94.30999755859375,93.54000091552734,94.16999816894531,3248500
2017-10-18 00:00:00+00:00,76.58748626708984,93.43000030517578,94.29000091552734,93.19999694824219,94.26000213623047,3532400
2017-10-19 00:00:00+00:00,76.60389709472656,93.44999694824219,93.63999938964844,92.56999969482422,92.97000122070312,4164600
2017-10-20 00:00:00+00:00,78.02201843261719,95.18000030517578,95.4000015258789,94.0,94.05000305175781,5272400
2017-10-23 00:00:00+00:00,78.8663558959961,96.20999908447266,96.73999786376953,95.44000244140625,96.0,7292200
2017-10-24 00:00:00+00:00,79.05487060546875,96.44000244140625,96.62000274658203,95.45999908447266,96.30000305175781,8061100
2017-10-25 00:00:00+00:00,78.54664611816406,95.81999969482422,96.69999694824219,94.16000366210938,95.0,6967100
2017-10-26 00:00:00+00:00,78.81717681884766,96.1500015258789,96.94000244140625,95.83999633789062,96.44000244140625,5556900
2017-10-27 00:00:00+00:00,79.9238052368164,97.5,97.55999755859375,95.70999908447266,95.94000244140625,5725300
2017-10-30 00:00:00+00:00,79.24732208251953,96.05999755859375,97.12999725341797,95.91999816894531,96.68000030517578,4922400
2017-10-31 00:00:00+00:00,79.7670669555664,96.69000244140625,97.04000091552734,96.18000030517578,96.27999877929688,3770600
2017-11-01 00:00:00+00:00,79.48654174804688,96.3499984741211,97.25,95.7699966430664,96.97000122070312,3873800
2017-11-02 00:00:00+00:00,79.84955596923828,96.79000091552734,96.87999725341797,95.5999984741211,96.25,3292200
2017-11-03 00:00:00+00:00,80.83129119873047,97.9800033569336,98.0,96.33999633789062,97.0,3346700
2017-11-06 00:00:00+00:00,81.29327392578125,98.54000091552734,98.66999816894531,97.66999816894531,97.81999969482422,4391700
2017-11-07 00:00:00+00:00,81.17777252197266,98.4000015258789,99.05000305175781,98.27999877929688,98.55000305175781,4314600
2017-11-08 00:00:00+00:00,81.21078491210938,98.44000244140625,98.76000213623047,97.88999938964844,98.30999755859375,3265600
2017-11-09 00:00:00+00:00,80.06404113769531,97.05000305175781,98.02999877929688,95.62999725341797,97.5999984741211,4239800
2017-11-10 00:00:00+00:00,79.97329711914062,96.94000244140625,97.05000305175781,96.4000015258789,96.66999816894531,3416700
2017-11-13 00:00:00+00:00,80.04754638671875,97.02999877929688,97.29000091552734,96.3499984741211,96.4000015258789,2284000
2017-11-14 00:00:00+00:00,79.98979187011719,96.95999908447266,97.2300033569336,96.3499984741211,96.69999694824219,3252600
2017-11-15 00:00:00+00:00,79.83305358886719,96.7699966430664,98.02999877929688,96.27999877929688,96.62000274658203,3355600
2017-11-16 00:00:00+00:00,81.11177825927734,98.31999969482422,98.62999725341797,97.05000305175781,97.06999969482422,3564400
2017-11-17 00:00:00+00:00,80.63329315185547,97.73999786376953,98.55999755859375,97.61000061035156,98.55999755859375,3788200
2017-11-20 00:00:00+00:00,81.07877349853516,98.27999877929688,98.91999816894531,97.80000305175781,97.80999755859375,2953700
2017-11-21 00:00:00+00:00,81.82949829101562,99.19000244140625,99.6500015258789,98.6500015258789,98.75,3998500
2017-11-22 00:00:00+00:00,80.91378021240234,98.08000183105469,99.3499984741211,98.06999969482422,99.1500015258789,2142000
2017-11-24 00:00:00+00:00,81.92027282714844,99.30000305175781,99.33000183105469,98.19000244140625,98.19999694824219,1288300
2017-11-27 00:00:00+00:00,81.36752319335938,98.62999725341797,99.25,98.61000061035156,98.94999694824219,3166300
2017-11-28 00:00:00+00:00,82.06875610351562,99.4800033569336,99.7300033569336,98.62000274658203,99.08999633789062,3037400
2017-11-29 00:00:00+00:00,79.9238052368164,96.87999725341797,99.79000091552734,96.44999694824219,99.7300033569336,5562200
2017-11-30 00:00:00+00:00,80.26203155517578,97.29000091552734,98.47000122070312,96.69999694824219,97.37999725341797,7591200
2017-12-01 00:00:00+00:00,80.17130279541016,97.18000030517578,97.41000366210938,94.72000122070312,96.54000091552734,5020500
2017-12-04 00:00:00+00:00,79.1730728149414,95.97000122070312,97.87999725341797,95.2699966430664,97.54000091552734,5183800
2017-12-05 00:00:00+00:00,79.94029235839844,96.9000015258789,98.72000122070312,95.36000061035156,95.9800033569336,4898100
2017-12-06 00:00:00+00:00,80.03929138183594,97.0199966430664,97.44999694824219,95.87000274658203,96.25,4675500
2017-12-07 00:00:00+00:00,80.66630554199219,97.77999877929688,98.13999938964844,96.94000244140625,97.31999969482422,4848200
2017-12-08 00:00:00+00:00,80.86427307128906,98.0199966430664,99.30999755859375,97.77999877929688,98.91999816894531,5591400
2017-12-11 00:00:00+00:00,81.53251647949219,98.83000183105469,98.87999725341797,97.7699966430664,98.06999969482422,5579200
2017-12-12 00:00:00+00:00,81.2025146484375,98.43000030517578,99.19000244140625,98.2300033569336,98.69999694824219,6083100
2017-12-13 00:00:00+00:00,81.5572509765625,98.86000061035156,99.18000030517578,98.20999908447266,98.97000122070312,5282100
2017-12-14 00:00:00+00:00,82.70397186279297,100.25,100.54000091552734,98.77999877929688,98.95999908447266,7106700
2017-12-15 00:00:00+00:00,83.50419616699219,101.22000122070312,101.5999984741211,100.06999969482422,101.27999877929688,9114800
2017-12-18 00:00:00+00:00,85.19542694091797,103.2699966430664,103.37000274658203,101.6500015258789,102.0999984741211,5927700
2017-12-19 00:00:00+00:00,85.880126953125,104.0999984741211,104.30000305175781,103.08000183105469,103.19000244140625,5235700
2017-12-20 00:00:00+00:00,86.4576187133789,104.80000305175781,105.1500015258789,103.4800033569336,104.9000015258789,5529800
2017-12-21 00:00:00+00:00,85.85538482666016,104.06999969482422,105.33000183105469,104.01000213623047,105.16000366210938,4709100
2017-12-22 00:00:00+00:00,85.90489959716797,104.12999725341797,104.33999633789062,103.63999938964844,104.0,3041300
2017-12-26 00:00:00+00:00,85.92142486572266,104.1500015258789,104.19000244140625,103.05999755859375,103.58000183105469,1473800
2017-12-27 00:00:00+00:00,86.23489379882812,104.52999877929688,104.9000015258789,103.9800033569336,104.41999816894531,1775600
2017-12-28 00:00:00+00:00,86.47412872314453,104.81999969482422,104.91999816894531,104.22000122070312,104.91999816894531,1910700
2017-12-29 00:00:00+00:00,86.16065216064453,104.44000244140625,105.08000183105469,104.41999816894531,104.58000183105469,2813300
2018-01-02 00:00:00+00:00,87.09284973144531,105.56999969482422,105.62000274658203,104.5,105.11000061035156,4236200
2018-01-03 00:00:00+00:00,89.4522933959961,108.43000030517578,108.51000213623047,105.5999984741211,105.87999725341797,6918900
2018-01-04 00:00:00+00:00,89.33676147460938,108.29000091552734,109.20999908447266,108.05000305175781,108.4800033569336,5460400
2018-01-05 00:00:00+00:00,90.02152252197266,109.12000274658203,109.2300033569336,108.29000091552734,108.69999694824219,5254900
2018-01-08 00:00:00+00:00,90.45051574707031,109.63999938964844,110.37000274658203,108.41000366210938,108.55000305175781,4549400
2018-01-09 00:00:00+00:00,91.0692367553711,110.38999938964844,110.9800033569336,109.08000183105469,109.62000274658203,4747800
2018-01-10 00:00:00+00:00,90.50003051757812,109.69999694824219,109.98999786376953,108.20999908447266,109.8499984741211,5737400
2018-01-11 00:00:00+00:00,91.30025482177734,110.66999816894531,110.76000213623047,109.43000030517578,110.05000305175781,3903700
2018-01-12 00:00:00+00:00,92.991455078125,112.72000122070312,113.0,110.58000183105469,110.73999786376953,4577800
2018-01-16 00:00:00+00:00,93.15644073486328,112.91999816894531,113.91000366210938,111.94000244140625,113.55000305175781,9251500
2018-01-17 00:00:00+00:00,98.3043212890625,119.16000366210938,119.43000030517578,113.51000213623047,113.94999694824219,6916700
2018-01-18 00:00:00+00:00,96.0356216430664,116.41000366210938,119.9800033569336,116.0,119.0,7970300
2018-01-19 00:00:00+00:00,96.3821029663086,116.83000183105469,117.55999755859375,115.70999908447266,117.01000213623047,6367300
2018-01-22 00:00:00+00:00,98.53530883789062,119.44000244140625,119.4800033569336,117.45999908447266,117.91999816894531,7217400
2018-01-23 00:00:00+00:00,98.90653228759766,119.88999938964844,120.75,118.9000015258789,120.0199966430664,8087100
2018-01-24 00:00:00+00:00,90.50003051757812,109.69999694824219,114.0,108.68000030517578,111.13999938964844,19223900
2018-01-25 00:00:00+00:00,90.87125396728516,110.1500015258789,111.70999908447266,109.08000183105469,110.86000061035156,8564800
2018-01-26 00:00:00+00:00,93.79167175292969,113.69000244140625,114.0,109.54000091552734,110.93000030517578,7801600
2018-01-29 00:00:00+00:00,92.93370819091797,112.6500015258789,113.4000015258789,111.25,112.47000122070312,6389300
2018-01-30 00:00:00+00:00,91.15847778320312,109.88999938964844,111.47000122070312,109.30000305175781,111.19999694824219,6492900
2018-01-31 00:00:00+00:00,90.9759521484375,109.66999816894531,110.98999786376953,108.30000305175781,110.9800033569336,7362500
2018-02-01 00:00:00+00:00,91.31609344482422,110.08000183105469,110.75,108.56999969482422,108.75,5828200
2018-02-02 00:00:00+00:00,89.30860900878906,107.66000366210938,110.2300033569336,107.5199966430664,109.0199966430664,7474400
2018-02-05 00:00:00+00:00,86.44667053222656,104.20999908447266,109.12000274658203,103.37999725341797,107.0199966430664,8460400
2018-02-06 00:00:00+00:00,87.8237075805664,105.87000274658203,106.66000366210938,102.25,102.62000274658203,9266900
2018-02-07 00:00:00+00:00,84.59679412841797,101.9800033569336,105.68000030517578,101.91000366210938,104.5999984741211,10009100
2018-02-08 00:00:00+00:00,81.01317596435547,97.66000366210938,102.61000061035156,97.5999984741211,102.02999877929688,11506600
2018-02-09 00:00:00+00:00,83.36077117919922,100.48999786376953,101.30000305175781,96.98999786376953,99.5199966430664,11599300
2018-02-12 00:00:00+00:00,84.56360626220703,101.94000244140625,102.55000305175781,100.43000030517578,101.55000305175781,6673700
2018-02-13 00:00:00+00:00,83.76725006103516,100.9800033569336,101.7300033569336,100.12000274658203,101.11000061035156,5061400
2018-02-14 00:00:00+00:00,85.17745971679688,102.68000030517578,102.95999908447266,99.8499984741211,99.8499984741211,7413500
2018-02-15 00:00:00+00:00,86.74530029296875,104.56999969482422,104.58000183105469,101.54000091552734,103.81999969482422,5264800
2018-02-16 00:00:00+00:00,86.662353515625,104.47000122070312,105.54000091552734,103.87999725341797,104.27999877929688,4910400
2018-02-20 00:00:00+00:00,87.34257507324219,105.29000091552734,106.86000061035156,103.91000366210938,103.98999786376953,4970500
2018-02-21 00:00:00+00:00,85.99044036865234,103.66000366210938,106.18000030517578,103.58999633789062,105.7699966430664,6536500
2018-02-22 00:00:00+00:00,86.21439361572266,103.93000030517578,105.08000183105469,103.41000366210938,104.0,4036500
2018-02-23 00:00:00+00:00,88.79428100585938,107.04000091552734,107.05999755859375,104.73999786376953,105.01000213623047,4936900
2018-02-26 00:00:00+00:00,90.94279479980469,109.62999725341797,109.73999786376953,107.27999877929688,107.27999877929688,5496100
2018-02-27 00:00:00+00:00,89.8726577758789,108.33999633789062,110.29000091552734,108.33999633789062,109.37999725341797,5311900
2018-02-28 00:00:00+00:00,89.8809814453125,108.3499984741211,110.22000122070312,108.31999969482422,109.04000091552734,7333000
2018-03-01 00:00:00+00:00,88.3712158203125,106.52999877929688,108.93000030517578,105.72000122070312,108.93000030517578,8626600
2018-03-02 00:00:00+00:00,89.77313232421875,108.22000122070312,108.4800033569336,104.66000366210938,104.79000091552734,6476300
2018-03-05 00:00:00+00:00,90.42847442626953,109.01000213623047,109.33000183105469,106.5199966430664,107.4800033569336,4417200
2018-03-06 00:00:00+00:00,90.99256896972656,109.69000244140625,110.18000030517578,108.94000244140625,109.97000122070312,4109600
2018-03-07 00:00:00+00:00,90.05518341064453,108.55999755859375,109.45999908447266,107.12999725341797,108.04000091552734,4637600
2018-03-08 00:00:00+00:00,90.82666015625,109.48999786376953,109.48999786376953,108.2699966430664,109.18000030517578,3573500
2018-03-09 00:00:00+00:00,92.51893615722656,111.52999877929688,111.61000061035156,109.33000183105469,110.0,5535900
2018-03-12 00:00:00+00:00,92.60189056396484,111.62999725341797,113.0,111.45999908447266,112.04000091552734,4270800
2018-03-13 00:00:00+00:00,91.73916625976562,110.58999633789062,113.0,110.08999633789062,112.04000091552734,5845500
2018-03-14 00:00:00+00:00,91.22483825683594,109.97000122070312,111.69999694824219,109.16999816894531,111.20999908447266,3240600
2018-03-15 00:00:00+00:00,91.0091552734375,109.70999908447266,110.91000366210938,109.2699966430664,109.94000244140625,3983300
2018-03-16 00:00:00+00:00,91.22483825683594,109.97000122070312,110.73999786376953,109.51000213623047,110.12000274658203,8049700
2018-03-19 00:00:00+00:00,89.4745101928711,107.86000061035156,109.37999725341797,105.94999694824219,109.37000274658203,6715200
2018-03-20 00:00:00+00:00,90.80178833007812,109.45999908447266,110.0,108.2699966430664,108.2699966430664,3781900
2018-03-21 00:00:00+00:00,90.12154388427734,108.63999938964844,110.29000091552734,108.05999755859375,109.12999725341797,3703800
2018-03-22 00:00:00+00:00,86.18952941894531,103.9000015258789,107.76000213623047,103.80000305175781,106.51000213623047,7208400
2018-03-23 00:00:00+00:00,84.08248901367188,101.36000061035156,104.94000244140625,101.33999633789062,104.02999877929688,6748900
2018-03-26 00:00:00+00:00,88.42926788330078,106.5999984741211,106.72000122070312,103.02999877929688,104.11000061035156,6760400
2018-03-27 00:00:00+00:00,85.07794189453125,102.55999755859375,108.0999984741211,101.81999969482422,108.0,5308400
2018-03-28 00:00:00+00:00,84.53873443603516,101.91000366210938,103.76000213623047,101.41000366210938,102.2699966430664,5352200
2018-03-29 00:00:00+00:00,86.18122863769531,103.88999938964844,105.04000091552734,102.23999786376953,102.81999969482422,4311100
2018-04-02 00:00:00+00:00,83.49349212646484,100.6500015258789,103.5199966430664,99.7300033569336,102.86000061035156,5865400
2018-04-03 00:00:00+00:00,84.76268768310547,102.18000030517578,102.73999786376953,100.58999633789062,101.91999816894531,6898700
2018-04-04 00:00:00+00:00,86.44667053222656,104.20999908447266,104.56999969482422,99.80999755859375,99.9800033569336,4515000
2018-04-05 00:00:00+00:00,84.81246948242188,102.23999786376953,104.01000213623047,100.87000274658203,103.83000183105469,5477400
2018-04-06 00:00:00+00:00,82.50634002685547,99.45999908447266,102.33999633789062,99.0199966430664,100.97000122070312,5095700
2018-04-09 00:00:00+00:00,82.79667663574219,99.80999755859375,102.88999938964844,99.5999984741211,100.04000091552734,5840900
2018-04-10 00:00:00+00:00,84.91203308105469,102.36000061035156,103.06999969482422,100.62999725341797,101.66999816894531,6011500
2018-04-11 00:00:00+00:00,84.89541625976562,102.33999633789062,103.08999633789062,101.02999877929688,101.41000366210938,3830000
2018-04-12 00:00:00+00:00,86.47156524658203,104.23999786376953,104.5,102.93000030517578,103.05000305175781,4578300
2018-04-13 00:00:00+00:00,84.74610900878906,102.16000366210938,105.0,101.9000015258789,104.94999694824219,3518900
2018-04-16 00:00:00+00:00,85.85768127441406,103.5,104.19000244140625,102.62000274658203,103.06999969482422,2831500
2018-04-17 00:00:00+00:00,87.4255142211914,105.38999938964844,105.69999694824219,103.69000244140625,104.08999633789062,4001100
2018-04-18 00:00:00+00:00,87.392333984375,105.3499984741211,105.9000015258789,104.08000183105469,105.06999969482422,3554700
2018-04-19 00:00:00+00:00,84.02440643310547,101.29000091552734,103.83999633789062,99.91000366210938,103.73999786376953,8624900
2018-04-20 00:00:00+00:00,82.92110443115234,99.95999908447266,101.62999725341797,98.87000274658203,100.95999908447266,7858000
2018-04-23 00:00:00+00:00,81.36986541748047,98.08999633789062,100.58999633789062,98.0199966430664,100.58999633789062,5934200
2018-04-24 00:00:00+00:00,81.64361572265625,98.41999816894531,101.22000122070312,97.38999938964844,99.76000213623047,8420300
2018-04-25 00:00:00+00:00,85.44293212890625,103.0,104.25,99.76000213623047,101.45999908447266,12696000
2018-04-26 00:00:00+00:00,85.21064758300781,102.72000122070312,104.31999969482422,102.19999694824219,104.0199966430664,6672900
2018-04-27 00:00:00+00:00,85.03644561767578,102.51000213623047,103.38999938964844,100.87000274658203,103.16999816894531,5114700
2018-04-30 00:00:00+00:00,84.14053344726562,101.43000030517578,104.2300033569336,101.33000183105469,102.93000030517578,5592700
2018-05-01 00:00:00+00:00,85.77474975585938,103.4000015258789,103.47000122070312,100.69999694824219,101.0999984741211,4234700
2018-05-02 00:00:00+00:00,85.40975189208984,102.95999908447266,104.22000122070312,101.87000274658203,103.27999877929688,5345000
2018-05-03 00:00:00+00:00,85.94066619873047,103.5999984741211,104.30000305175781,100.3499984741211,101.69999694824219,4788900
2018-05-04 00:00:00+00:00,87.36771392822266,104.69000244140625,104.75,101.86000061035156,102.5,6168000
2018-05-07 00:00:00+00:00,87.21749877929688,104.51000213623047,105.16999816894531,103.97000122070312,104.98999786376953,4113800
2018-05-08 00:00:00+00:00,88.01029205322266,105.45999908447266,108.0,104.05999755859375,104.55000305175781,5496500
2018-05-09 00:00:00+00:00,89.74614715576172,107.54000091552734,107.66999816894531,105.70999908447266,106.0,5131600
2018-05-10 00:00:00+00:00,91.77406311035156,109.97000122070312,110.04000091552734,107.80999755859375,108.1500015258789,4376500
2018-05-11 00:00:00+00:00,91.1731948852539,109.25,110.73999786376953,109.0,109.62000274658203,3583500
2018-05-14 00:00:00+00:00,92.33319091796875,110.63999938964844,111.0,109.69999694824219,109.7300033569336,4120400
2018-05-15 00:00:00+00:00,91.13981628417969,109.20999908447266,110.86000061035156,108.3499984741211,109.98999786376953,4336700
2018-05-16 00:00:00+00:00,92.96746826171875,111.4000015258789,111.56999969482422,109.04000091552734,109.75,3898200
2018-05-17 00:00:00+00:00,92.07449340820312,110.33000183105469,111.66000366210938,110.02999877929688,110.70999908447266,3792800
2018-05-18 00:00:00+00:00,92.24977111816406,110.54000091552734,111.06999969482422,109.27999877929688,109.91999816894531,4239600
2018-05-21 00:00:00+00:00,92.14127349853516,110.41000366210938,112.27999877929688,109.87999725341797,111.70999908447266,5199500
2018-05-22 00:00:00+00:00,92.51679992675781,110.86000061035156,111.83000183105469,110.69000244140625,111.05000305175781,2999600
2018-05-23 00:00:00+00:00,92.69206237792969,111.06999969482422,111.08000183105469,108.9000015258789,109.48999786376953,3123500
2018-05-24 00:00:00+00:00,92.42501068115234,110.75,111.19999694824219,109.58000183105469,110.98999786376953,2855500
2018-05-25 00:00:00+00:00,93.10101318359375,111.55999755859375,111.76000213623047,110.55000305175781,110.63999938964844,4100200
2018-05-29 00:00:00+00:00,92.58357238769531,110.94000244140625,111.76000213623047,110.01000213623047,110.63999938964844,3492800
2018-05-30 00:00:00+00:00,93.3429946899414,111.8499984741211,112.36000061035156,111.04000091552734,111.33999633789062,3621800
2018-05-31 00:00:00+00:00,93.39307403564453,111.91000366210938,112.87999725341797,111.5,112.0,6582100
2018-06-01 00:00:00+00:00,95.80489349365234,114.80000305175781,114.80000305175781,112.31999969482422,112.55000305175781,4728400
2018-06-04 00:00:00+00:00,96.58934020996094,115.73999786376953,116.37999725341797,114.30999755859375,114.73999786376953,3905700
2018-06-05 00:00:00+00:00,98.19165802001953,117.66000366210938,117.93000030517578,115.83000183105469,116.69000244140625,5366600
2018-06-06 00:00:00+00:00,98.56720733642578,118.11000061035156,118.12000274658203,116.91000366210938,117.56999969482422,4015400
2018-06-07 00:00:00+00:00,97.84113311767578,117.23999786376953,118.4800033569336,116.13999938964844,118.3499984741211,6985100
2018-06-08 00:00:00+00:00,96.58934020996094,115.73999786376953,116.66999816894531,115.3499984741211,116.29000091552734,4948600
2018-06-11 00:00:00+00:00,96.2054672241211,115.27999877929688,115.83000183105469,114.4800033569336,115.0,3741300
2018-06-12 00:00:00+00:00,96.31394958496094,115.41000366210938,115.7699966430664,114.58000183105469,115.48999786376953,3269100
2018-06-13 00:00:00+00:00,95.13725280761719,114.0,115.61000061035156,113.79000091552734,115.5,4948600
2018-06-14 00:00:00+00:00,95.73811340332031,114.72000122070312,115.54000091552734,113.97000122070312,114.86000061035156,2941200
2018-06-15 00:00:00+00:00,96.71453094482422,115.88999938964844,116.0199966430664,113.87000274658203,114.87000274658203,7027600
2018-06-18 00:00:00+00:00,95.46271514892578,114.38999938964844,114.93000030517578,113.02999877929688,114.5999984741211,3170600
2018-06-19 00:00:00+00:00,94.85352325439453,113.66000366210938,113.91000366210938,112.19999694824219,112.75,3486500
2018-06-20 00:00:00+00:00,95.33753967285156,114.23999786376953,115.11000061035156,113.56999969482422,114.41000366210938,3454800
2018-06-21 00:00:00+00:00,93.55996704101562,112.11000061035156,114.5,111.61000061035156,114.37999725341797,3480100
2018-06-22 00:00:00+00:00,93.78529357910156,112.37999725341797,113.22000122070312,111.41000366210938,112.75,3822600
2018-06-25 00:00:00+00:00,91.9576644897461,110.19000244140625,111.0,108.61000061035156,110.95999908447266,5331200
2018-06-26 00:00:00+00:00,93.05924987792969,111.51000213623047,112.01000213623047,110.12999725341797,110.62999725341797,4001900
2018-06-27 00:00:00+00:00,90.78096771240234,108.77999877929688,112.5,108.7699966430664,112.18000030517578,4364600
2018-06-28 00:00:00+00:00,91.04801940917969,109.0999984741211,109.5999984741211,107.44999694824219,108.2300033569336,4198800
2018-06-29 00:00:00+00:00,92.00774383544922,110.25,111.55000305175781,109.62000274658203,109.79000091552734,5343300
2018-07-02 00:00:00+00:00,91.9993896484375,110.23999786376953,110.33000183105469,108.37999725341797,108.94000244140625,3392500
2018-07-03 00:00:00+00:00,90.88945770263672,108.91000366210938,111.29000091552734,108.73999786376953,110.61000061035156,2201500
2018-07-05 00:00:00+00:00,93.05924987792969,111.51000213623047,111.6500015258789,109.41000366210938,109.83999633789062,4097700
2018-07-06 00:00:00+00:00,94.06071472167969,112.70999908447266,112.93000030517578,110.83000183105469,111.55999755859375,3419700
2018-07-09 00:00:00+00:00,93.54328155517578,112.08999633789062,113.5,110.83999633789062,113.4000015258789,3658000
2018-07-10 00:00:00+00:00,94.91192626953125,113.7300033569336,114.05000305175781,112.37999725341797,112.62999725341797,4512800
2018-07-11 00:00:00+00:00,93.26790618896484,111.76000213623047,113.79000091552734,111.5199966430664,113.29000091552734,5000200
2018-07-12 00:00:00+00:00,96.67278289794922,115.83999633789062,116.69000244140625,113.05999755859375,113.23999786376953,5818700
2018-07-13 00:00:00+00:00,96.08861541748047,115.13999938964844,115.9800033569336,114.83000183105469,115.52999877929688,2715800
2018-07-16 00:00:00+00:00,95.60456848144531,114.55999755859375,115.48999786376953,114.41999816894531,114.91000366210938,3013700
2018-07-17 00:00:00+00:00,96.6394271850586,115.80000305175781,115.86000061035156,113.19999694824219,113.66999816894531,3915100
2018-07-18 00:00:00+00:00,96.5392837524414,115.68000030517578,116.94999694824219,114.13999938964844,115.5,5491900
2018-07-19 00:00:00+00:00,95.62964630126953,114.58999633789062,115.66000366210938,114.2300033569336,115.52999877929688,5013900
2018-07-20 00:00:00+00:00,95.9717788696289,115.0,115.7300033569336,114.23999786376953,114.97000122070312,4358000
2018-07-23 00:00:00+00:00,95.6963882446289,114.66999816894531,114.83000183105469,113.04000091552734,114.3499984741211,3052800
2018-07-24 00:00:00+00:00,94.97034454345703,113.80000305175781,116.45999908447266,113.3499984741211,115.05999755859375,4286700
2018-07-25 00:00:00+00:00,94.48632049560547,113.22000122070312,114.38999938964844,110.02999877929688,113.4000015258789,8218400
2018-07-26 00:00:00+00:00,94.55307006835938,113.30000305175781,114.45999908447266,112.94000244140625,113.94999694824219,5520400
2018-07-27 00:00:00+00:00,93.96888732910156,112.5999984741211,114.29000091552734,112.0199966430664,113.30000305175781,4343900
2018-07-30 00:00:00+00:00,93.07100677490234,110.91000366210938,112.37000274658203,110.69999694824219,111.98999786376953,4422500
2018-07-31 00:00:00+00:00,93.4150619506836,111.31999969482422,112.58999633789062,110.91999816894531,111.98999786376953,5206300
2018-08-01 00:00:00+00:00,93.14653015136719,111.0,111.9800033569336,110.33000183105469,111.16000366210938,5303000
2018-08-02 00:00:00+00:00,94.16190338134766,112.20999908447266,113.0,110.0,110.1500015258789,4516700
2018-08-03 00:00:00+00:00,94.69058227539062,112.83999633789062,112.9800033569336,111.93000030517578,112.33000183105469,3337900
2018-08-06 00:00:00+00:00,94.91714477539062,113.11000061035156,113.5199966430664,112.12000274658203,112.27999877929688,2970800
2018-08-07 00:00:00+00:00,97.14090728759766,115.76000213623047,115.80999755859375,113.33999633789062,113.7699966430664,5234500
2018-08-08 00:00:00+00:00,97.47657012939453,116.16000366210938,116.61000061035156,115.16000366210938,115.66000366210938,2890800
2018-08-09 00:00:00+00:00,95.94929504394531,114.33999633789062,116.08999633789062,114.02999877929688,116.0,3505200
2018-08-10 00:00:00+00:00,92.38288879394531,110.08999633789062,112.31999969482422,109.3499984741211,111.73999786376953,7652600
2018-08-13 00:00:00+00:00,92.25703430175781,109.94000244140625,111.44000244140625,109.83999633789062,110.55999755859375,3989800
2018-08-14 00:00:00+00:00,92.5926742553711,110.33999633789062,110.98999786376953,109.87000274658203,110.66999816894531,3109600
2018-08-15 00:00:00+00:00,91.9716796875,109.5999984741211,110.08000183105469,108.3499984741211,109.23999786376953,3532600
2018-08-16 00:00:00+00:00,91.80387878417969,109.4000015258789,110.54000091552734,109.08000183105469,110.12000274658203,2916300
2018-08-17 00:00:00+00:00,92.00526428222656,109.63999938964844,109.9800033569336,107.01000213623047,108.87000274658203,3744800
2018-08-20 00:00:00+00:00,91.49337768554688,109.02999877929688,109.80000305175781,108.54000091552734,109.75,3238200
2018-08-21 00:00:00+00:00,93.5744857788086,111.51000213623047,111.75,109.33999633789062,109.5,4714300
2018-08-22 00:00:00+00:00,94.14510345458984,112.19000244140625,112.69000244140625,109.2699966430664,110.63999938964844,3999200
2018-08-23 00:00:00+00:00,94.32136535644531,112.4000015258789,113.66000366210938,112.16000366210938,112.18000030517578,3038700
2018-08-24 00:00:00+00:00,95.36190795898438,113.63999938964844,113.79000091552734,112.33999633789062,112.95999908447266,3191900
2018-08-27 00:00:00+00:00,96.71294403076172,115.25,115.66000366210938,114.1500015258789,114.6500015258789,3686200
2018-08-28 00:00:00+00:00,96.51994323730469,115.0199966430664,116.06999969482422,114.66000366210938,115.73999786376953,3214400
2018-08-29 00:00:00+00:00,96.89757537841797,115.47000122070312,115.77999877929688,114.86000061035156,115.41000366210938,5113900
2018-08-30 00:00:00+00:00,94.47238159179688,112.58000183105469,115.36000061035156,112.48999786376953,114.91999816894531,5688600
2018-08-31 00:00:00+00:00,94.32136535644531,112.4000015258789,113.43000030517578,111.86000061035156,112.62999725341797,6550300
2018-09-04 00:00:00+00:00,94.4388198852539,112.54000091552734,112.66000366210938,110.6500015258789,111.0199966430664,6160300
2018-09-05 00:00:00+00:00,93.25562286376953,111.12999725341797,112.94999694824219,110.8499984741211,112.37999725341797,5369300
2018-09-06 00:00:00+00:00,93.05423736572266,110.88999938964844,111.73999786376953,110.33999633789062,110.98999786376953,4813100
2018-09-07 00:00:00+00:00,91.01507568359375,108.45999908447266,111.0,108.25,110.44999694824219,5349300
2018-09-10 00:00:00+00:00,90.89756774902344,108.31999969482422,109.4800033569336,107.48999786376953,109.16999816894531,5138900
2018-09-11 00:00:00+00:00,88.99269104003906,106.05000305175781,108.1500015258789,105.91000366210938,108.05999755859375,8165600
2018-09-12 00:00:00+00:00,87.72557067871094,104.54000091552734,105.0,102.25,105.0,10182300
2018-09-13 00:00:00+00:00,88.71577453613281,105.72000122070312,106.91999816894531,104.5999984741211,105.1500015258789,6311100
2018-09-14 00:00:00+00:00,88.41365814208984,105.36000061035156,107.16000366210938,105.12999725341797,105.95999908447266,6485000
2018-09-17 00:00:00+00:00,87.02068328857422,103.69999694824219,105.66999816894531,103.3499984741211,105.29000091552734,5598300
2018-09-18 00:00:00+00:00,88.03604888916016,104.91000366210938,105.88999938964844,103.95999908447266,104.02999877929688,5654900
2018-09-19 00:00:00+00:00,90.10038757324219,107.37000274658203,107.51000213623047,105.0999984741211,105.12000274658203,6588900
2018-09-20 00:00:00+00:00,91.04023742675781,108.48999786376953,108.9800033569336,107.80000305175781,107.87999725341797,5562500
2018-09-21 00:00:00+00:00,92.34932708740234,110.05000305175781,110.9000015258789,109.54000091552734,110.5,10923900
2018-09-24 00:00:00+00:00,92.1395263671875,109.80000305175781,110.31999969482422,108.36000061035156,109.01000213623047,3531200
2018-09-25 00:00:00+00:00,90.25144958496094,107.55000305175781,109.55999755859375,106.80999755859375,109.25,6523800
2018-09-26 00:00:00+00:00,89.1353530883789,106.22000122070312,108.22000122070312,105.9800033569336,107.4800033569336,6478600
2018-09-27 00:00:00+00:00,90.03324127197266,107.29000091552734,107.68000030517578,106.12000274658203,106.44000244140625,4704200
2018-09-28 00:00:00+00:00,90.03324127197266,107.29000091552734,107.45999908447266,106.05999755859375,107.22000122070312,4556400
2018-10-01 00:00:00+00:00,90.41085815429688,107.73999786376953,108.62000274658203,107.43000030517578,107.66999816894531,3661800
2018-10-02 00:00:00+00:00,91.01507568359375,108.45999908447266,109.8499984741211,107.25,107.25,4718400
2018-10-03 00:00:00+00:00,90.78009796142578,108.18000030517578,109.19999694824219,107.41000366210938,109.02999877929688,5353400
2018-10-04 00:00:00+00:00,88.84162902832031,105.87000274658203,107.52999877929688,104.86000061035156,107.31999969482422,5846500
2018-10-05 00:00:00+00:00,86.66822814941406,103.27999877929688,105.93000030517578,101.76000213623047,105.55000305175781,8778800
2018-10-08 00:00:00+00:00,85.53536987304688,101.93000030517578,103.11000061035156,101.16999816894531,102.22000122070312,7458500
2018-10-09 00:00:00+00:00,86.32416534423828,102.87000274658203,103.1500015258789,101.55000305175781,101.93000030517578,6041500
2018-10-10 00:00:00+00:00,83.27803039550781,99.23999786376953,101.63999938964844,98.80999755859375,100.55999755859375,11243700
2018-10-11 00:00:00+00:00,83.52137756347656,99.52999877929688,102.01000213623047,99.01000213623047,100.5,10100300
2018-10-12 00:00:00+00:00,84.83045959472656,101.08999633789062,102.44999694824219,99.62999725341797,102.44999694824219,6889100
2018-10-15 00:00:00+00:00,83.4374771118164,99.43000030517578,100.48999786376953,98.62999725341797,99.69999694824219,6637400
2018-10-16 00:00:00+00:00,85.7199935913086,102.1500015258789,102.36000061035156,99.69000244140625,100.31999969482422,5894100
2018-10-17 00:00:00+00:00,85.20809936523438,101.54000091552734,103.16999816894531,100.9800033569336,102.9000015258789,5061400
2018-10-18 00:00:00+00:00,83.52976989746094,99.54000091552734,101.5,98.75,101.5,9668300
2018-10-19 00:00:00+00:00,82.45565795898438,98.26000213623047,100.41999816894531,97.30000305175781,99.1500015258789,10492500
2018-10-22 00:00:00+00:00,83.68083190917969,99.72000122070312,100.47000122070312,98.41000366210938,98.6500015258789,6881500
2018-10-23 00:00:00+00:00,84.12557983398438,100.25,100.47000122070312,95.20999908447266,97.18000030517578,13925900
2018-10-24 00:00:00+00:00,77.21092224121094,92.01000213623047,96.9800033569336,91.5,93.25,25121700
2018-10-25 00:00:00+00:00,77.0094985961914,91.7699966430664,93.4800033569336,90.80000305175781,92.26000213623047,21038900
2018-10-26 00:00:00+00:00,75.994140625,90.55999755859375,92.06999969482422,87.9000015258789,89.69000244140625,15855200
2018-10-29 00:00:00+00:00,75.67525482177734,90.18000030517578,93.51000213623047,88.5199966430664,93.08000183105469,9869400
2018-10-30 00:00:00+00:00,78.70530700683594,92.98999786376953,93.13999938964844,89.72000122070312,90.08999633789062,8734300
2018-10-31 00:00:00+00:00,78.56990051269531,92.83000183105469,94.43000030517578,92.76000213623047,94.0,10301100
2018-11-01 00:00:00+00:00,82.6071548461914,97.5999984741211,97.98999786376953,93.0,93.37999725341797,10972500
2018-11-02 00:00:00+00:00,80.45733642578125,95.05999755859375,97.9000015258789,93.8499984741211,97.76000213623047,10088000
2018-11-05 00:00:00+00:00,80.96517181396484,95.66000366210938,96.0199966430664,94.25,94.91000366210938,6189400
2018-11-06 00:00:00+00:00,82.21781921386719,97.13999938964844,97.23999786376953,95.0,95.47000122070312,5413100
2018-11-07 00:00:00+00:00,82.26858520507812,97.19999694824219,97.97000122070312,96.3499984741211,97.80000305175781,5525700
2018-11-08 00:00:00+00:00,83.35197448730469,98.4800033569336,98.79000091552734,96.23999786376953,96.26000213623047,5948300
2018-11-09 00:00:00+00:00,81.33755493164062,96.0999984741211,98.12999725341797,95.83999633789062,98.11000061035156,6256400
2018-11-12 00:00:00+00:00,79.111572265625,93.47000122070312,95.13999938964844,93.06999969482422,95.04000091552734,8688700
2018-11-13 00:00:00+00:00,79.96643829345703,94.4800033569336,96.16999816894531,93.9000015258789,94.11000061035156,5930800
2018-11-14 00:00:00+00:00,80.15263366699219,94.69999694824219,96.2699966430664,94.04000091552734,95.81999969482422,4975200
2018-11-15 00:00:00+00:00,82.91183471679688,97.95999908447266,98.43000030517578,94.16999816894531,94.51000213623047,7689000
2018-11-16 00:00:00+00:00,82.8187484741211,97.8499984741211,98.11000061035156,96.1500015258789,96.62999725341797,6767000
2018-11-19 00:00:00+00:00,80.08493041992188,94.62000274658203,97.72000122070312,94.55000305175781,97.5,8265300
2018-11-20 00:00:00+00:00,81.96389770507812,96.83999633789062,97.9000015258789,92.91000366210938,92.91000366210938,8230200
2018-11-21 00:00:00+00:00,81.36296844482422,96.12999725341797,98.06999969482422,95.8499984741211,97.75,6437700
2018-11-23 00:00:00+00:00,80.49117279052734,95.0999984741211,96.0,95.08000183105469,95.37000274658203,2066200
2018-11-26 00:00:00+00:00,81.57456970214844,96.37999725341797,96.66999816894531,95.31999969482422,96.41000366210938,4687400
2018-11-27 00:00:00+00:00,81.48992156982422,96.27999877929688,96.98999786376953,95.38999938964844,95.48999786376953,5044700
2018-11-28 00:00:00+00:00,83.16575622558594,98.26000213623047,98.29000091552734,95.18000030517578,96.69999694824219,5659300
2018-11-29 00:00:00+00:00,82.46327209472656,97.43000030517578,98.4800033569336,97.33000183105469,97.98999786376953,5938000
2018-11-30 00:00:00+00:00,84.51152038574219,99.8499984741211,99.88999938964844,96.91999816894531,97.77999877929688,8685900
2018-12-03 00:00:00+00:00,85.62873840332031,101.16999816894531,102.58000183105469,100.44999694824219,102.5,7828500
2018-12-04 00:00:00+00:00,81.34602355957031,96.11000061035156,101.08000183105469,95.95999908447266,100.76000213623047,7487100
2018-12-06 00:00:00+00:00,82.37017059326172,97.31999969482422,97.37000274658203,93.68000030517578,94.11000061035156,7329300
2018-12-07 00:00:00+00:00,78.18901824951172,92.37999725341797,97.02999877929688,92.23999786376953,96.66999816894531,8837800
2018-12-10 00:00:00+00:00,79.39088439941406,93.80000305175781,94.3499984741211,91.97000122070312,92.44000244140625,7549500
2018-12-11 00:00:00+00:00,80.01721954345703,94.54000091552734,96.5999984741211,94.5,95.76000213623047,9942500
2018-12-12 00:00:00+00:00,81.09212493896484,95.80999755859375,97.37000274658203,95.5999984741211,96.79000091552734,4945000
2018-12-13 00:00:00+00:00,81.11752319335938,95.83999633789062,96.61000061035156,95.0999984741211,96.23999786376953,3647500
2018-12-14 00:00:00+00:00,79.78022766113281,94.26000213623047,95.98999786376953,94.2300033569336,94.66000366210938,6318300
2018-12-17 00:00:00+00:00,77.7996826171875,91.91999816894531,94.7300033569336,91.4800033569336,94.27999877929688,8260200
2018-12-18 00:00:00+00:00,80.01721954345703,94.54000091552734,95.9800033569336,92.72000122070312,92.8499984741211,7675500
2018-12-19 00:00:00+00:00,76.6231918334961,90.52999877929688,94.91000366210938,89.54000091552734,94.33999633789062,9854500
2018-12-20 00:00:00+00:00,76.25079345703125,90.08999633789062,91.37999725341797,89.19999694824219,90.7699966430664,9235000
2018-12-21 00:00:00+00:00,76.52164459228516,90.41000366210938,93.31999969482422,89.87000274658203,90.44999694824219,14349200
2018-12-24 00:00:00+00:00,74.31258392333984,87.80000305175781,90.55000305175781,87.76000213623047,90.0,5621600
2018-12-26 00:00:00+00:00,78.69684600830078,92.9800033569336,93.02999877929688,87.69999694824219,88.80000305175781,8075200
2018-12-27 00:00:00+00:00,79.39933776855469,93.80999755859375,93.87999725341797,90.55000305175781,91.36000061035156,5882300
2018-12-28 00:00:00+00:00,79.39933776855469,93.80999755859375,95.75,93.08000183105469,94.05999755859375,5022200
2018-12-31 00:00:00+00:00,79.9833755493164,94.5,95.18000030517578,93.72000122070312,94.51000213623047,4113200
2019-01-02 00:00:00+00:00,79.94103240966797,94.44999694824219,95.25,92.45999908447266,92.76000213623047,6478800
2019-01-03 00:00:00+00:00,75.2266616821289,88.87999725341797,92.79000091552734,88.68000030517578,91.83000183105469,11667500
2019-01-04 00:00:00+00:00,78.62913513183594,92.9000015258789,93.37999725341797,89.47000122070312,89.93000030517578,7707600
2019-01-07 00:00:00+00:00,79.9833755493164,94.5,95.22000122070312,92.36000061035156,92.80000305175781,5023900
2019-01-08 00:00:00+00:00,79.88179016113281,94.37999725341797,95.63999938964844,93.02999877929688,95.26000213623047,5863500
2019-01-09 00:00:00+00:00,81.45606231689453,96.23999786376953,96.48999786376953,94.72000122070312,95.05000305175781,6909400
2019-01-10 00:00:00+00:00,82.70872497558594,97.72000122070312,97.94000244140625,95.47000122070312,95.76000213623047,6748500
2019-01-11 00:00:00+00:00,83.44505310058594,98.58999633789062,99.06999969482422,96.80999755859375,97.02999877929688,4738800
2019-01-14 00:00:00+00:00,81.5322265625,96.33000183105469,97.81999969482422,95.98999786376953,97.30999755859375,5060100
2019-01-15 00:00:00+00:00,82.63253784179688,97.62999725341797,98.04000091552734,96.63999938964844,96.98999786376953,4690800
2019-01-16 00:00:00+00:00,82.24322509765625,97.16999816894531,98.11000061035156,97.02999877929688,97.68000030517578,4559500
2019-01-17 00:00:00+00:00,82.55638885498047,97.54000091552734,98.44000244140625,95.8499984741211,96.12000274658203,6872300
2019-01-18 00:00:00+00:00,84.14756774902344,99.41999816894531,99.9800033569336,97.94000244140625,98.44000244140625,6677500
2019-01-22 00:00:00+00:00,81.77769470214844,96.62000274658203,98.43000030517578,95.81999969482422,98.43000030517578,11068600
2019-01-23 00:00:00+00:00,80.82128143310547,95.48999786376953,97.37000274658203,94.80999755859375,96.87000274658203,10298700
2019-01-24 00:00:00+00:00,86.40739440917969,102.08999633789062,102.51000213623047,97.80000305175781,97.95999908447266,14260300
2019-01-25 00:00:00+00:00,88.37101745605469,104.41000366210938,104.87000274658203,102.72000122070312,102.81999969482422,11041700
2019-01-28 00:00:00+00:00,86.90677642822266,102.68000030517578,104.12999725341797,101.76000213623047,101.87999725341797,7292700
2019-01-29 00:00:00+00:00,85.78108978271484,101.3499984741211,103.47000122070312,101.30999755859375,102.86000061035156,6153100
2019-01-30 00:00:00+00:00,87.11156463623047,102.13999938964844,102.62999725341797,100.18000030517578,101.68000030517578,6430200
2019-01-31 00:00:00+00:00,85.86637878417969,100.68000030517578,101.79000091552734,100.16999816894531,101.0199966430664,8272300
2019-02-01 00:00:00+00:00,86.98362731933594,101.98999786376953,102.05999755859375,100.26000213623047,100.55000305175781,5615000
2019-02-04 00:00:00+00:00,86.82158660888672,101.80000305175781,102.33999633789062,101.06999969482422,101.9800033569336,5761200
2019-02-05 00:00:00+00:00,87.26508331298828,102.31999969482422,102.4000015258789,100.9800033569336,102.20999908447266,6372200
2019-02-06 00:00:00+00:00,90.81300354003906,106.4800033569336,106.88999938964844,104.05000305175781,104.26000213623047,9907800
2019-02-07 00:00:00+00:00,88.57849884033203,103.86000061035156,105.58000183105469,103.13999938964844,105.0999984741211,7045700
2019-02-08 00:00:00+00:00,89.1669692993164,104.55000305175781,104.80999755859375,102.13999938964844,102.44999694824219,5392400
2019-02-11 00:00:00+00:00,89.34606170654297,104.76000213623047,105.44999694824219,104.25,104.70999908447266,4553000
2019-02-12 00:00:00+00:00,90.77889251708984,106.44000244140625,106.58000183105469,105.75,105.93000030517578,5316800
2019-02-13 00:00:00+00:00,91.38442993164062,107.1500015258789,108.12000274658203,106.66000366210938,106.79000091552734,5965200
2019-02-14 00:00:00+00:00,91.23089599609375,106.97000122070312,108.38999938964844,106.43000030517578,106.77999877929688,3438800
2019-02-15 00:00:00+00:00,91.74260711669922,107.56999969482422,107.87000274658203,106.69000244140625,107.83000183105469,3604300
2019-02-19 00:00:00+00:00,91.49527740478516,107.27999877929688,107.88999938964844,106.61000061035156,107.11000061035156,3188000
2019-02-20 00:00:00+00:00,92.05818176269531,107.94000244140625,108.45999908447266,107.23999786376953,107.72000122070312,3692800
2019-02-21 00:00:00+00:00,90.94945526123047,106.63999938964844,107.75,106.19999694824219,106.97000122070312,3933500
2019-02-22 00:00:00+00:00,91.52086639404297,107.30999755859375,108.37999725341797,106.6500015258789,107.9000015258789,4392900
2019-02-25 00:00:00+00:00,92.27140808105469,108.19000244140625,109.48999786376953,107.83000183105469,109.0,5750200
2019-02-26 00:00:00+00:00,91.48675537109375,107.2699966430664,108.16999816894531,106.83000183105469,108.1500015258789,3740100
2019-02-27 00:00:00+00:00,90.15628814697266,105.70999908447266,106.41999816894531,104.70999908447266,106.41999816894531,4395800
2019-02-28 00:00:00+00:00,90.21599578857422,105.77999877929688,105.83999633789062,104.80999755859375,105.18000030517578,5465800
2019-03-01 00:00:00+00:00,91.05178833007812,106.76000213623047,107.08999633789062,105.77999877929688,106.86000061035156,4164200
2019-03-04 00:00:00+00:00,91.59765625,107.4000015258789,108.12999725341797,106.0,107.45999908447266,3278500
2019-03-05 00:00:00+00:00,90.8897705078125,106.56999969482422,107.79000091552734,106.5199966430664,107.66999816894531,4008600
2019-03-06 00:00:00+00:00,89.9089584350586,105.41999816894531,106.75,105.26000213623047,106.5999984741211,3568000
2019-03-07 00:00:00+00:00,89.50809478759766,104.94999694824219,105.72000122070312,103.68000030517578,104.8499984741211,5431000
2019-03-08 00:00:00+00:00,89.43135833740234,104.86000061035156,105.11000061035156,103.3499984741211,103.69000244140625,5180800
2019-03-11 00:00:00+00:00,90.78741455078125,106.44999694824219,106.9000015258789,105.0,105.16000366210938,3319800
2019-03-12 00:00:00+00:00,90.84711456298828,106.5199966430664,107.05000305175781,105.76000213623047,106.8499984741211,3047200
2019-03-13 00:00:00+00:00,91.75115203857422,107.58000183105469,108.29000091552734,106.66000366210938,107.16000366210938,3911100
2019-03-14 00:00:00+00:00,91.34175872802734,107.0999984741211,107.68000030517578,105.97000122070312,107.26000213623047,5393700
2019-03-15 00:00:00+00:00,94.44621276855469,110.73999786376953,110.80000305175781,107.98999786376953,108.0,13932300
2019-03-18 00:00:00+00:00,93.65303802490234,109.80999755859375,111.13999938964844,108.91999816894531,110.05000305175781,4408900
2019-03-19 00:00:00+00:00,93.83211517333984,110.0199966430664,110.80000305175781,109.55000305175781,110.58000183105469,3592100
2019-03-20 00:00:00+00:00,93.4994888305664,109.62999725341797,110.9000015258789,109.02999877929688,110.13999938964844,3829400
2019-03-21 00:00:00+00:00,95.70841217041016,112.22000122070312,112.9800033569336,109.94999694824219,110.01000213623047,5772700
2019-03-22 00:00:00+00:00,93.54214477539062,109.68000030517578,112.41000366210938,109.52999877929688,111.72000122070312,3773500
2019-03-25 00:00:00+00:00,91.35029602050781,107.11000061035156,109.22000122070312,106.26000213623047,108.12999725341797,5479100
2019-03-26 00:00:00+00:00,92.39077758789062,108.33000183105469,108.75,107.38999938964844,108.27999877929688,3085500
2019-03-27 00:00:00+00:00,90.37804412841797,105.97000122070312,108.83000183105469,105.44999694824219,108.38999938964844,4797200
2019-03-28 00:00:00+00:00,89.47400665283203,104.91000366210938,106.4000015258789,103.62999725341797,105.98999786376953,5386400
2019-03-29 00:00:00+00:00,90.46331787109375,106.06999969482422,106.62999725341797,105.36000061035156,106.05000305175781,4327700
2019-04-01 00:00:00+00:00,92.65516662597656,108.63999938964844,108.95999908447266,106.93000030517578,107.98999786376953,5349800
2019-04-02 00:00:00+00:00,94.05386352539062,110.27999877929688,110.43000030517578,108.18000030517578,108.97000122070312,7005500
2019-04-03 00:00:00+00:00,96.16045379638672,112.75,114.1500015258789,111.4000015258789,111.87999725341797,7036700
2019-04-04 00:00:00+00:00,96.57835388183594,113.23999786376953,114.2699966430664,112.36000061035156,112.37999725341797,5035600
2019-04-05 00:00:00+00:00,96.91095733642578,113.62999725341797,114.12000274658203,113.30999755859375,113.80999755859375,3318300
2019-04-08 00:00:00+00:00,98.26701354980469,115.22000122070312,115.41999816894531,113.31999969482422,113.80000305175781,4580800
2019-04-09 00:00:00+00:00,97.17536926269531,113.94000244140625,114.66999816894531,113.25,114.55000305175781,4648200
2019-04-10 00:00:00+00:00,98.01117706298828,114.91999816894531,115.19000244140625,113.54000091552734,113.87999725341797,3013300
2019-04-11 00:00:00+00:00,97.97705078125,114.87999725341797,115.43000030517578,114.12999725341797,115.05999755859375,2799300
2019-04-12 00:00:00+00:00,99.58042907714844,116.76000213623047,117.02999877929688,115.77999877929688,115.77999877929688,4881100
2019-04-15 00:00:00+00:00,98.15615844726562,115.08999633789062,117.37000274658203,114.0199966430664,116.61000061035156,4265100
2019-04-16 00:00:00+00:00,99.24781799316406,116.37000274658203,116.8499984741211,115.62999725341797,115.83999633789062,4133700
2019-04-17 00:00:00+00:00,98.59114074707031,115.5999984741211,117.8499984741211,114.91000366210938,116.97000122070312,6227500
2019-04-18 00:00:00+00:00,98.51435852050781,115.51000213623047,116.18000030517578,115.12999725341797,116.18000030517578,4195800
2019-04-22 00:00:00+00:00,98.0367660522461,114.94999694824219,115.1500015258789,113.6500015258789,114.52999877929688,3691200
2019-04-23 00:00:00+00:00,99.25634765625,116.37999725341797,116.52999877929688,114.5199966430664,115.4000015258789,7547400
2019-04-24 00:00:00+00:00,101.00472259521484,118.43000030517578,119.31999969482422,114.8499984741211,115.0,14483900
2019-04-25 00:00:00+00:00,99.93011474609375,117.16999816894531,118.41999816894531,115.6500015258789,117.83999633789062,5315400
2019-04-26 00:00:00+00:00,99.96422576904297,117.20999908447266,117.25,115.30999755859375,116.0,3582600
2019-04-29 00:00:00+00:00,99.52926635742188,116.69999694824219,117.33999633789062,116.0,116.7300033569336,3407600
2019-04-30 00:00:00+00:00,100.49300384521484,117.83000183105469,118.37000274658203,116.66000366210938,116.87999725341797,4533200
2019-05-01 00:00:00+00:00,99.17958068847656,116.29000091552734,118.91999816894531,116.19999694824219,118.05999755859375,3335800
2019-05-02 00:00:00+00:00,100.17744445800781,117.45999908447266,118.56999969482422,116.27999877929688,116.4000015258789,4532200
2019-05-03 00:00:00+00:00,100.8470687866211,117.47000122070312,117.97000122070312,116.11000061035156,117.45999908447266,3689000
2019-05-06 00:00:00+00:00,99.46488952636719,115.86000061035156,116.0,113.5,114.12000274658203,3974300
2019-05-07 00:00:00+00:00,97.80799865722656,113.93000030517578,114.43000030517578,112.25,114.0,5928100
2019-05-08 00:00:00+00:00,96.63187408447266,112.55999755859375,114.75,112.4800033569336,112.81999969482422,4819300
2019-05-09 00:00:00+00:00,96.27987670898438,112.1500015258789,112.83999633789062,110.19999694824219,110.87999725341797,4817500
2019-05-10 00:00:00+00:00,96.66620635986328,112.5999984741211,113.12999725341797,109.36000061035156,111.86000061035156,4189900
2019-05-13 00:00:00+00:00,91.95308685302734,107.11000061035156,110.3499984741211,106.7300033569336,109.16999816894531,7867600
2019-05-14 00:00:00+00:00,93.60997009277344,109.04000091552734,109.8499984741211,107.87999725341797,108.20999908447266,4068200
2019-05-15 00:00:00+00:00,94.68309783935547,110.29000091552734,110.87000274658203,107.70999908447266,108.0,4803600
2019-05-16 00:00:00+00:00,93.75592803955078,109.20999908447266,110.62999725341797,108.0999984741211,108.93000030517578,4690600
2019-05-17 00:00:00+00:00,91.67838287353516,106.79000091552734,109.4800033569336,106.11000061035156,108.18000030517578,6944000
2019-05-20 00:00:00+00:00,89.90986633300781,104.7300033569336,105.88999938964844,103.08999633789062,103.08999633789062,7519900
2019-05-21 00:00:00+00:00,91.85865783691406,107.0,108.0,106.2699966430664,106.9000015258789,4977200
2019-05-22 00:00:00+00:00,91.6697769165039,106.77999877929688,107.88999938964844,106.4000015258789,106.58999633789062,3297000
2019-05-23 00:00:00+00:00,90.85421752929688,105.83000183105469,105.98999786376953,104.3499984741211,105.77999877929688,4828000
2019-05-24 00:00:00+00:00,90.19318389892578,105.05999755859375,107.48999786376953,104.91999816894531,106.52999877929688,2786400
2019-05-28 00:00:00+00:00,88.60496520996094,103.20999908447266,105.94999694824219,103.1500015258789,105.88999938964844,5707100
2019-05-29 00:00:00+00:00,89.41195678710938,104.1500015258789,104.9000015258789,101.56999969482422,102.66000366210938,4923400
2019-05-30 00:00:00+00:00,90.51941680908203,105.44000244140625,106.0999984741211,104.12999725341797,104.4800033569336,3365700
2019-05-31 00:00:00+00:00,89.54930877685547,104.30999755859375,106.12000274658203,104.0,104.31999969482422,4463100
2019-06-03 00:00:00+00:00,90.28759765625,105.16999816894531,106.9800033569336,104.58999633789062,105.04000091552734,4504500
2019-06-04 00:00:00+00:00,93.67866516113281,109.12000274658203,109.25,106.3499984741211,107.16000366210938,4924700
2019-06-05 00:00:00+00:00,93.98773956298828,109.4800033569336,110.29000091552734,107.77999877929688,110.0,3977400
2019-06-06 00:00:00+00:00,94.59725952148438,110.19000244140625,110.66999816894531,108.79000091552734,109.51000213623047,4734100
2019-06-07 00:00:00+00:00,95.43856811523438,111.16999816894531,111.83000183105469,110.58999633789062,111.13999938964844,5408600
2019-06-10 00:00:00+00:00,96.69195556640625,112.62999725341797,113.51000213623047,111.0,111.76000213623047,4656800
2019-06-11 00:00:00+00:00,96.94950866699219,112.93000030517578,114.33999633789062,111.97000122070312,114.30999755859375,4775700
2019-06-12 00:00:00+00:00,94.72601318359375,110.33999633789062,112.79000091552734,109.9800033569336,112.4800033569336,4105400
2019-06-13 00:00:00+00:00,95.44713592529297,111.18000030517578,111.36000061035156,110.31999969482422,110.76000213623047,3392000
2019-06-14 00:00:00+00:00,92.12478637695312,107.30999755859375,109.05000305175781,106.80000305175781,106.83999633789062,7137800
2019-06-17 00:00:00+00:00,91.6182632446289,106.72000122070312,108.0,106.55000305175781,107.30000305175781,3655300
2019-06-18 00:00:00+00:00,95.32695007324219,111.04000091552734,111.56999969482422,107.58000183105469,108.30000305175781,5207900
2019-06-19 00:00:00+00:00,95.5501708984375,111.30000305175781,112.30000305175781,110.69000244140625,111.80000305175781,2745900
2019-06-20 00:00:00+00:00,96.76063537597656,112.70999908447266,114.3499984741211,111.70999908447266,113.87000274658203,2789900
2019-06-21 00:00:00+00:00,96.42583465576172,112.31999969482422,113.37000274658203,111.66000366210938,111.87000274658203,5124900
2019-06-24 00:00:00+00:00,96.77781677246094,112.7300033569336,113.08999633789062,111.81999969482422,112.16999816894531,3356200
2019-06-25 00:00:00+00:00,95.7047119140625,111.4800033569336,113.23999786376953,111.33999633789062,112.91000366210938,3426200
2019-06-26 00:00:00+00:00,98.23725891113281,114.43000030517578,115.0199966430664,112.7699966430664,113.41000366210938,5308200
2019-06-27 00:00:00+00:00,99.46488952636719,115.86000061035156,116.66000366210938,115.0199966430664,115.22000122070312,4163800
2019-06-28 00:00:00+00:00,98.52055358886719,114.76000213623047,116.83000183105469,114.5,116.41999816894531,6129800
2019-07-01 00:00:00+00:00,100.606689453125,117.19000244140625,118.9800033569336,116.23999786376953,117.5999984741211,6123700
2019-07-02 00:00:00+00:00,99.63658142089844,116.05999755859375,117.0,115.11000061035156,116.98999786376953,3818600
2019-07-03 00:00:00+00:00,99.53358459472656,115.94000244140625,116.4000015258789,114.91999816894531,116.19000244140625,2321700
2019-07-05 00:00:00+00:00,99.37045288085938,115.75,116.06999969482422,114.37000274658203,114.81999969482422,2915400
2019-07-08 00:00:00+00:00,98.66650390625,114.93000030517578,115.81999969482422,114.68000030517578,115.19000244140625,2974500
2019-07-09 00:00:00+00:00,99.3962173461914,115.77999877929688,115.91999816894531,114.38999938964844,114.5999984741211,2754000
2019-07-10 00:00:00+00:00,100.13452911376953,116.63999938964844,118.44999694824219,116.19000244140625,116.62000274658203,3531800
2019-07-11 00:00:00+00:00,100.20320129394531,116.72000122070312,116.9800033569336,115.88999938964844,116.5999984741211,3044700
2019-07-12 00:00:00+00:00,101.57678985595703,118.31999969482422,118.4000015258789,116.66000366210938,117.6500015258789,2292500
2019-07-15 00:00:00+00:00,102.88168334960938,119.83999633789062,120.0,118.48999786376953,118.5,4020600
2019-07-16 00:00:00+00:00,101.88583374023438,118.68000030517578,119.05000305175781,117.54000091552734,118.5,4588800
2019-07-17 00:00:00+00:00,100.59809875488281,117.18000030517578,118.48999786376953,116.76000213623047,118.44000244140625,4027700
2019-07-18 00:00:00+00:00,101.79141998291016,118.56999969482422,118.72000122070312,117.01000213623047,117.48999786376953,2913000
2019-07-19 00:00:00+00:00,100.66678619384766,117.26000213623047,119.0,117.04000091552734,118.75,5596300
2019-07-22 00:00:00+00:00,101.45659637451172,118.18000030517578,118.48999786376953,117.56999969482422,117.9800033569336,3862700
2019-07-23 00:00:00+00:00,103.07913970947266,120.06999969482422,120.3499984741211,118.55000305175781,119.19999694824219,7146900
2019-07-24 00:00:00+00:00,110.7454833984375,129.0,129.8000030517578,125.95999908447266,126.5,16553300
2019-07-25 00:00:00+00:00,109.3289794921875,127.3499984741211,128.8000030517578,126.56999969482422,128.58999633789062,8504500
2019-07-26 00:00:00+00:00,110.02434539794922,128.16000366210938,128.92999267578125,127.30999755859375,127.81999969482422,5282300
2019-07-29 00:00:00+00:00,111.5782241821289,129.97000122070312,130.3699951171875,127.93000030517578,128.1999969482422,6070100
2019-07-30 00:00:00+00:00,111.00820922851562,128.5399932861328,128.97000122070312,127.48999786376953,128.19000244140625,3487300
2019-07-31 00:00:00+00:00,107.95970916748047,125.01000213623047,128.57000732421875,123.04000091552734,127.81999969482422,6601600
2019-08-01 00:00:00+00:00,106.61248016357422,123.44999694824219,128.72999572753906,123.2300033569336,125.5999984741211,7979300
2019-08-02 00:00:00+00:00,105.20478057861328,121.81999969482422,124.3499984741211,121.06999969482422,123.19000244140625,7368400
2019-08-05 00:00:00+00:00,100.98175811767578,116.93000030517578,119.29000091552734,116.22000122070312,119.22000122070312,8689800
2019-08-06 00:00:00+00:00,102.7694091796875,119.0,119.3499984741211,117.02999877929688,118.36000061035156,4783900
2019-08-07 00:00:00+00:00,104.25482940673828,120.72000122070312,120.98999786376953,117.05000305175781,117.29000091552734,7726600
2019-08-08 00:00:00+00:00,107.35514831542969,124.30999755859375,124.58000183105469,121.37999725341797,121.9800033569336,6226400
2019-08-09 00:00:00+00:00,104.15980529785156,120.61000061035156,124.31999969482422,120.5999984741211,123.97000122070312,5777500
2019-08-12 00:00:00+00:00,103.70211029052734,120.08000183105469,121.06999969482422,119.47000122070312,119.61000061035156,3728400
2019-08-13 00:00:00+00:00,106.5174789428711,123.33999633789062,124.44999694824219,119.27999877929688,120.36000061035156,6285300
2019-08-14 00:00:00+00:00,104.15118408203125,120.5999984741211,122.20999908447266,120.16000366210938,120.69999694824219,4531700
2019-08-15 00:00:00+00:00,103.50349426269531,119.8499984741211,121.61000061035156,118.7300033569336,121.2699966430664,3352600
2019-08-16 00:00:00+00:00,106.06838989257812,122.81999969482422,123.20999908447266,119.8499984741211,121.27999877929688,3675100
2019-08-19 00:00:00+00:00,107.60563659667969,124.5999984741211,126.36000061035156,124.01000213623047,125.55000305175781,3244500
2019-08-20 00:00:00+00:00,107.35514831542969,124.30999755859375,125.22000122070312,123.41000366210938,124.2300033569336,2706400
2019-08-21 00:00:00+00:00,108.84922790527344,126.04000091552734,126.08000183105469,124.69999694824219,125.5,3866100
2019-08-22 00:00:00+00:00,108.1324234008789,125.20999908447266,126.5999984741211,124.19000244140625,126.11000061035156,2997800
2019-08-23 00:00:00+00:00,103.88346099853516,120.29000091552734,125.08999633789062,119.83999633789062,124.12000274658203,6515900
2019-08-26 00:00:00+00:00,105.07524108886719,121.66999816894531,122.47000122070312,120.51000213623047,122.45999908447266,3294000
2019-08-27 00:00:00+00:00,105.51569366455078,122.18000030517578,123.58000183105469,121.52999877929688,122.93000030517578,3679700
2019-08-28 00:00:00+00:00,105.99930572509766,122.73999786376953,122.9800033569336,120.52999877929688,121.37000274658203,2470800
2019-08-29 00:00:00+00:00,106.7160873413086,123.56999969482422,125.30999755859375,123.38999938964844,124.18000030517578,3454600
2019-08-30 00:00:00+00:00,106.8715591430664,123.75,125.23999786376953,123.44000244140625,124.83000183105469,2747100
2019-09-03 00:00:00+00:00,105.13571166992188,121.73999786376953,123.4800033569336,120.66999816894531,123.05000305175781,3913200
2019-09-04 00:00:00+00:00,107.59699249267578,124.58999633789062,124.94000244140625,123.8499984741211,123.94999694824219,3858200
2019-09-05 00:00:00+00:00,109.51419830322266,126.80999755859375,129.00999450683594,126.1500015258789,126.75,5330400
2019-09-06 00:00:00+00:00,109.75601959228516,127.08999633789062,127.91000366210938,126.58999633789062,127.0999984741211,2457500
2019-09-09 00:00:00+00:00,109.76463317871094,127.0999984741211,127.94000244140625,125.68000030517578,127.94000244140625,3813700
2019-09-10 00:00:00+00:00,109.71283721923828,127.04000091552734,127.05999755859375,124.9000015258789,126.01000213623047,4725600
2019-09-11 00:00:00+00:00,111.04275512695312,128.5800018310547,128.64999389648438,126.4000015258789,127.0,4286100
2019-09-12 00:00:00+00:00,112.45909118652344,130.22000122070312,130.9199981689453,128.3699951171875,129.1999969482422,4472900
2019-09-13 00:00:00+00:00,111.93228912353516,129.61000061035156,130.88999938964844,129.55999755859375,130.47000122070312,3110800
2019-09-16 00:00:00+00:00,110.85276794433594,128.36000061035156,129.47999572753906,128.08999633789062,128.75999450683594,3065800
2019-09-17 00:00:00+00:00,111.88912200927734,129.55999755859375,129.6999969482422,127.62000274658203,128.3000030517578,2673600
2019-09-18 00:00:00+00:00,111.67321014404297,129.30999755859375,129.55999755859375,127.19999694824219,129.55999755859375,2328000
2019-09-19 00:00:00+00:00,111.25867462158203,128.8300018310547,130.25999450683594,128.5,129.5,2608100
2019-09-20 00:00:00+00:00,109.39329528808594,126.66999816894531,128.75,126.22000122070312,128.3000030517578,7471500
2019-09-23 00:00:00+00:00,110.34326171875,127.7699966430664,128.35000610351562,126.30999755859375,126.66999816894531,3946200
2019-09-24 00:00:00+00:00,108.65058135986328,125.80999755859375,128.80999755859375,124.9000015258789,128.77000427246094,4694600
2019-09-25 00:00:00+00:00,110.3173599243164,127.73999786376953,128.3300018310547,124.52999877929688,125.30000305175781,3293400
2019-09-26 00:00:00+00:00,110.63689422607422,128.11000061035156,128.6699981689453,126.63999938964844,128.27999877929688,3297700
2019-09-27 00:00:00+00:00,109.79918670654297,127.13999938964844,129.63999938964844,125.86000061035156,129.52000427246094,5263500
2019-09-30 00:00:00+00:00,111.61278533935547,129.24000549316406,129.39999389648438,127.56999969482422,127.69000244140625,4233400
2019-10-01 00:00:00+00:00,111.05142211914062,128.58999633789062,131.8000030517578,127.58999633789062,130.0,5093900
2019-10-02 00:00:00+00:00,109.54010772705078,126.83999633789062,127.77999877929688,126.22000122070312,127.26000213623047,5334600
2019-10-03 00:00:00+00:00,111.14642333984375,128.6999969482422,129.25,125.86000061035156,127.2699966430664,5199700
2019-10-04 00:00:00+00:00,112.39002227783203,130.13999938964844,130.30999755859375,128.99000549316406,129.30999755859375,3893000
2019-10-07 00:00:00+00:00,111.27596282958984,128.85000610351562,130.49000549316406,128.74000549316406,130.0399932861328,2426200
2019-10-08 00:00:00+00:00,107.93379211425781,124.9800033569336,127.87000274658203,123.62999725341797,127.41999816894531,4769100
2019-10-09 00:00:00+00:00,110.05828094482422,127.44000244140625,128.17999267578125,126.31999969482422,126.75,2884800
2019-10-10 00:00:00+00:00,110.3087158203125,127.7300033569336,129.3699951171875,127.0999984741211,127.86000061035156,2679300
2019-10-11 00:00:00+00:00,112.34683227539062,130.08999633789062,131.75999450683594,129.55999755859375,130.10000610351562,4717200
2019-10-14 00:00:00+00:00,112.0531997680664,129.75,129.94000244140625,129.07000732421875,129.5800018310547,2292900
2019-10-15 00:00:00+00:00,113.72863006591797,131.69000244140625,132.1999969482422,129.7899932861328,130.27999877929688,2955400
2019-10-16 00:00:00+00:00,111.83729553222656,129.5,131.4499969482422,129.19000244140625,130.8300018310547,4537600
2019-10-17 00:00:00+00:00,112.3813705444336,130.1300048828125,131.38999938964844,128.80999755859375,130.89999389648438,3003500
2019-10-18 00:00:00+00:00,111.80276489257812,129.4600067138672,130.4199981689453,128.5500030517578,129.7899932861328,4126000
2019-10-21 00:00:00+00:00,113.07227325439453,130.92999267578125,131.02000427246094,129.64999389648438,130.74000549316406,3355100
2019-10-22 00:00:00+00:00,111.03414916992188,128.57000732421875,131.10000610351562,128.22999572753906,130.27000427246094,5518900
2019-10-23 00:00:00+00:00,102.72623443603516,118.94999694824219,121.62000274658203,115.87000274658203,116.80000305175781,18450000
2019-10-24 00:00:00+00:00,102.25989532470703,118.41000366210938,120.29000091552734,117.31999969482422,118.80999755859375,6205400
2019-10-25 00:00:00+00:00,104.07345581054688,120.51000213623047,120.69000244140625,118.51000213623047,118.51000213623047,4788200
2019-10-28 00:00:00+00:00,103.63301086425781,120.0,122.0999984741211,119.23999786376953,121.05999755859375,6492900
2019-10-29 00:00:00+00:00,103.88346099853516,120.29000091552734,120.91999816894531,119.5199966430664,120.5199966430664,4622200
2019-10-30 00:00:00+00:00,102.49127197265625,117.79000091552734,120.06999969482422,117.58000183105469,119.7300033569336,5276200
2019-10-31 00:00:00+00:00,102.66529083251953,117.98999786376953,118.30999755859375,116.48999786376953,117.6500015258789,4778400
2019-11-01 00:00:00+00:00,102.70880126953125,118.04000091552734,119.58999633789062,117.87000274658203,119.19000244140625,4430100
2019-11-04 00:00:00+00:00,105.25827026367188,120.97000122070312,121.41000366210938,119.4800033569336,119.91999816894531,5175400
2019-11-05 00:00:00+00:00,104.29242706298828,119.86000061035156,121.7300033569336,119.66000366210938,121.0999984741211,3994500
2019-11-06 00:00:00+00:00,104.72748565673828,120.36000061035156,120.55000305175781,118.86000061035156,119.66999816894531,3904700
2019-11-07 00:00:00+00:00,104.34461975097656,119.91999816894531,121.86000061035156,119.08000183105469,120.94000244140625,4271200
2019-11-08 00:00:00+00:00,104.50995635986328,120.11000061035156,120.13999938964844,118.81999969482422,119.69999694824219,3804900
2019-11-11 00:00:00+00:00,102.74361419677734,118.08000183105469,119.69999694824219,117.97000122070312,119.06999969482422,5165300
2019-11-12 00:00:00+00:00,103.56153106689453,119.0199966430664,119.91000366210938,118.18000030517578,118.18000030517578,4761100
2019-11-13 00:00:00+00:00,103.03945922851562,118.41999816894531,118.95999908447266,117.61000061035156,118.05999755859375,4928800
2019-11-14 00:00:00+00:00,102.29985809326172,117.56999969482422,118.36000061035156,116.77999877929688,118.19000244140625,4568500
2019-11-15 00:00:00+00:00,102.67401123046875,118.0,118.76000213623047,117.55999755859375,118.56999969482422,4496800
2019-11-18 00:00:00+00:00,102.57829284667969,117.88999938964844,118.29000091552734,117.16999816894531,117.91999816894531,5337700
2019-11-19 00:00:00+00:00,102.53478240966797,117.83999633789062,118.4800033569336,116.9800033569336,118.4800033569336,3860600
2019-11-20 00:00:00+00:00,101.13388061523438,116.2300033569336,117.69999694824219,115.48999786376953,117.25,4368600
2019-11-21 00:00:00+00:00,101.02078247070312,116.0999984741211,116.3499984741211,114.58999633789062,116.19999694824219,5447700
2019-11-22 00:00:00+00:00,101.81258392333984,117.01000213623047,117.52999877929688,116.55000305175781,116.7300033569336,3008900
2019-11-25 00:00:00+00:00,103.55284118652344,119.01000213623047,119.47000122070312,117.70999908447266,117.79000091552734,3726400
2019-11-26 00:00:00+00:00,103.65724182128906,119.12999725341797,119.5,117.88999938964844,119.04000091552734,7099700
2019-11-27 00:00:00+00:00,105.91956329345703,121.7300033569336,121.80999755859375,119.5,119.91000366210938,4876200
2019-11-29 00:00:00+00:00,104.5969467163086,120.20999908447266,121.63999938964844,119.98999786376953,121.1500015258789,3498900
2019-12-02 00:00:00+00:00,103.36140441894531,118.79000091552734,120.19000244140625,117.91000366210938,120.12000274658203,4733500
2019-12-03 00:00:00+00:00,102.45645904541016,117.75,117.97000122070312,116.05999755859375,117.1500015258789,5307100
2019-12-04 00:00:00+00:00,104.6578598022461,120.27999877929688,121.47000122070312,119.41000366210938,119.9800033569336,4537600
2019-12-05 00:00:00+00:00,105.0581283569336,120.73999786376953,120.80999755859375,119.7699966430664,120.56999969482422,3260400
2019-12-06 00:00:00+00:00,106.4764175415039,122.37000274658203,122.69999694824219,121.87999725341797,121.94999694824219,3815900
2019-12-09 00:00:00+00:00,106.15446472167969,122.0,122.48999786376953,121.87000274658203,122.26000213623047,2801300
2019-12-10 00:00:00+00:00,105.60629272460938,121.37000274658203,122.98999786376953,121.16999816894531,122.19000244140625,4043400
2019-12-11 00:00:00+00:00,107.65107727050781,123.72000122070312,123.83999633789062,121.19999694824219,121.27999877929688,2959800
2019-12-12 00:00:00+00:00,109.69586181640625,126.06999969482422,126.9800033569336,123.02999877929688,123.80000305175781,5412700
2019-12-13 00:00:00+00:00,110.19183349609375,126.63999938964844,127.47000122070312,125.38999938964844,125.95999908447266,3451500
2019-12-16 00:00:00+00:00,110.56597900390625,127.06999969482422,128.6699981689453,127.06999969482422,127.58000183105469,4973100
2019-12-17 00:00:00+00:00,110.58338928222656,127.08999633789062,128.0,125.97000122070312,127.83999633789062,4354200
2019-12-18 00:00:00+00:00,109.93950653076172,126.3499984741211,127.38999938964844,126.0,127.38999938964844,5776200
2019-12-19 00:00:00+00:00,109.9830093383789,126.4000015258789,126.4800033569336,125.0,126.33999633789062,3961500
2019-12-20 00:00:00+00:00,112.20179748535156,128.9499969482422,129.0399932861328,125.8499984741211,127.25,9321400
2019-12-23 00:00:00+00:00,111.85376739501953,128.5500030517578,129.1699981689453,128.16000366210938,129.0,3095000
2019-12-24 00:00:00+00:00,111.83634948730469,128.52999877929688,128.85000610351562,127.88999938964844,128.72999572753906,1403400
2019-12-26 00:00:00+00:00,111.79286193847656,128.47999572753906,128.75,128.0500030517578,128.7100067138672,2339900
2019-12-27 00:00:00+00:00,111.87115478515625,128.57000732421875,128.9199981689453,128.08999633789062,128.86000061035156,1800600
2019-12-30 00:00:00+00:00,111.07935333251953,127.66000366210938,128.47000122070312,127.04000091552734,128.1999969482422,2283700
2019-12-31 00:00:00+00:00,111.62752532958984,128.2899932861328,128.38999938964844,127.05999755859375,127.25,2813300
2020-01-02 00:00:00+00:00,112.74127197265625,129.57000732421875,129.61000061035156,127.7699966430664,129.1300048828125,4614000
2020-01-03 00:00:00+00:00,111.24468231201172,127.8499984741211,129.25,127.2300033569336,127.45999908447266,4057200
2020-01-06 00:00:00+00:00,110.47025299072266,126.95999908447266,127.33000183105469,125.9000015258789,127.05999755859375,4345400
2020-01-07 00:00:00+00:00,112.60205841064453,129.41000366210938,130.89999389648438,128.4199981689453,129.14999389648438,7184100
2020-01-08 00:00:00+00:00,112.90660858154297,129.75999450683594,130.57000732421875,129.05999755859375,129.33999633789062,3546900
2020-01-09 00:00:00+00:00,114.27268981933594,131.3300018310547,131.74000549316406,130.24000549316406,130.6999969482422,3526600
2020-01-10 00:00:00+00:00,113.11542510986328,130.0,131.80999755859375,129.82000732421875,131.80999755859375,3234000
2020-01-13 00:00:00+00:00,113.07191467285156,129.9499969482422,130.74000549316406,129.77000427246094,130.57000732421875,4313200
2020-01-14 00:00:00+00:00,113.69841766357422,130.6699981689453,131.86000061035156,129.8300018310547,129.9499969482422,4626200
2020-01-15 00:00:00+00:00,112.39323425292969,129.1699981689453,130.42999267578125,128.86000061035156,130.42999267578125,3392300
2020-01-16 00:00:00+00:00,113.25464630126953,130.16000366210938,130.22999572753906,129.35000610351562,130.0,5475900
2020-01-17 00:00:00+00:00,114.5946273803711,131.6999969482422,132.0399932861328,130.44000244140625,130.75999450683594,5487100
2020-01-21 00:00:00+00:00,113.86372375488281,130.86000061035156,132.19000244140625,130.5800018310547,131.08999633789062,8631500
2020-01-22 00:00:00+00:00,116.0216293334961,133.33999633789062,135.6999969482422,131.82000732421875,132.02000427246094,8899700
2020-01-23 00:00:00+00:00,116.81340789794922,134.25,134.41000366210938,129.64999389648438,131.4199981689453,8598700
2020-01-24 00:00:00+00:00,113.56790924072266,130.52000427246094,135.44000244140625,129.75,134.8000030517578,5606800
2020-01-27 00:00:00+00:00,109.90470886230469,126.30999755859375,129.25,126.23999786376953,128.64999389648438,5890900
2020-01-28 00:00:00+00:00,111.40998077392578,128.0399932861328,128.30999755859375,126.76000213623047,127.1500015258789,4397500
2020-01-29 00:00:00+00:00,109.19116973876953,125.48999786376953,128.50999450683594,125.44000244140625,127.55000305175781,4535000
2020-01-30 00:00:00+00:00,109.04219818115234,124.41999816894531,124.66999816894531,122.22000122070312,123.22000122070312,5521300
2020-01-31 00:00:00+00:00,105.73816680908203,120.6500015258789,123.63999938964844,119.95999908447266,123.36000061035156,5782500
2020-02-03 00:00:00+00:00,108.14827728271484,123.4000015258789,123.68000030517578,121.05999755859375,121.05999755859375,5396400
2020-02-04 00:00:00+00:00,110.83883666992188,126.47000122070312,127.31999969482422,125.36000061035156,126.0,4434700
2020-02-05 00:00:00+00:00,116.07096862792969,132.44000244140625,132.91000366210938,128.66000366210938,128.66000366210938,7281800
2020-02-06 00:00:00+00:00,116.1410903930664,132.52000427246094,133.0,131.47999572753906,133.0,3686600
2020-02-07 00:00:00+00:00,112.793212890625,128.6999969482422,131.25,128.50999450683594,131.25,4331700
2020-02-10 00:00:00+00:00,113.62580871582031,129.64999389648438,129.6999969482422,127.30000305175781,127.55000305175781,2882500
2020-02-11 00:00:00+00:00,114.5460205078125,130.6999969482422,131.97999572753906,130.1300048828125,130.47000122070312,2986800
2020-02-12 00:00:00+00:00,116.05343627929688,132.4199981689453,132.94000244140625,131.63999938964844,131.64999389648438,2839100
2020-02-13 00:00:00+00:00,116.39522552490234,132.80999755859375,133.38999938964844,131.16000366210938,131.8800048828125,4268700
2020-02-14 00:00:00+00:00,115.8694076538086,132.2100067138672,133.6199951171875,131.27000427246094,133.47999572753906,2605200
2020-02-18 00:00:00+00:00,115.01927947998047,131.24000549316406,131.77999877929688,130.58999633789062,131.10000610351562,3094400
2020-02-19 00:00:00+00:00,116.67569732666016,133.1300048828125,134.3000030517578,132.2100067138672,132.89999389648438,3931600
2020-02-20 00:00:00+00:00,115.22085571289062,131.47000122070312,133.25999450683594,130.33999633789062,132.61000061035156,2487800
2020-02-21 00:00:00+00:00,112.63545989990234,128.52000427246094,130.8300018310547,127.95999908447266,130.75999450683594,4121000
2020-02-24 00:00:00+00:00,106.4305419921875,121.44000244140625,125.26000213623047,121.25,124.01000213623047,7483800
2020-02-25 00:00:00+00:00,103.74871063232422,118.37999725341797,123.02999877929688,118.0199966430664,122.9000015258789,6347200
2020-02-26 00:00:00+00:00,104.1080551147461,118.79000091552734,120.63999938964844,117.62999725341797,119.29000091552734,5778000
2020-02-27 00:00:00+00:00,99.14759826660156,113.12999725341797,118.48999786376953,113.06999969482422,116.3499984741211,8687300
2020-02-28 00:00:00+00:00,100.03275299072266,114.13999938964844,116.12000274658203,108.61000061035156,109.44999694824219,11431100
2020-03-02 00:00:00+00:00,104.26581573486328,118.97000122070312,119.06999969482422,113.31999969482422,115.16000366210938,7207500
2020-03-03 00:00:00+00:00,99.7435531616211,113.80999755859375,120.12000274658203,112.20999908447266,118.37999725341797,9217300
2020-03-04 00:00:00+00:00,104.33592987060547,119.05000305175781,119.08999633789062,114.33999633789062,115.7699966430664,5556500
2020-03-05 00:00:00+00:00,100.54109191894531,114.72000122070312,117.20999908447266,113.70999908447266,115.16999816894531,6162300
2020-03-06 00:00:00+00:00,99.17389678955078,113.16000366210938,113.87000274658203,110.13999938964844,111.08999633789062,6386200
2020-03-09 00:00:00+00:00,92.0574722290039,105.04000091552734,110.08000183105469,104.41999816894531,105.11000061035156,8454600
2020-03-10 00:00:00+00:00,98.262451171875,112.12000274658203,112.13999938964844,104.75,108.83000183105469,9206200
2020-03-11 00:00:00+00:00,93.33704376220703,106.5,111.44000244140625,105.79000091552734,109.54000091552734,9636500
2020-03-12 00:00:00+00:00,85.47569274902344,97.52999877929688,104.7300033569336,96.55000305175781,99.41999816894531,15158500
2020-03-13 00:00:00+00:00,92.93390655517578,106.04000091552734,107.47000122070312,98.45999908447266,103.30999755859375,16040100
2020-03-16 00:00:00+00:00,81.94378662109375,93.5,104.5,93.08999633789062,95.87999725341797,12389200
2020-03-17 00:00:00+00:00,93.03031158447266,106.1500015258789,107.63999938964844,95.11000061035156,96.02999877929688,16243500
2020-03-18 00:00:00+00:00,87.64042663574219,100.0,105.81999969482422,94.1500015258789,100.05000305175781,16413900
2020-03-19 00:00:00+00:00,89.01637268066406,101.56999969482422,105.0,97.12000274658203,99.38999938964844,9298500
2020-03-20 00:00:00+00:00,85.53704833984375,97.5999984741211,105.5,97.0999984741211,104.5,10253200
2020-03-23 00:00:00+00:00,86.27323150634766,98.44000244140625,101.95999908447266,94.91999816894531,97.3499984741211,9680700
2020-03-24 00:00:00+00:00,92.33794403076172,105.36000061035156,105.68000030517578,99.45999908447266,102.1500015258789,9385700
2020-03-25 00:00:00+00:00,86.90425109863281,99.16000366210938,105.83000183105469,98.51000213623047,104.33000183105469,11862100
2020-03-26 00:00:00+00:00,94.4413070678711,107.76000213623047,108.83999633789062,99.01000213623047,99.4000015258789,10441400
2020-03-27 00:00:00+00:00,88.07861328125,100.5,105.0,100.06999969482422,104.0,7579200
2020-03-30 00:00:00+00:00,89.4107437133789,102.0199966430664,103.44000244140625,100.30000305175781,100.4000015258789,6950800
2020-03-31 00:00:00+00:00,87.57906341552734,99.93000030517578,103.19000244140625,99.4800033569336,102.0199966430664,8968000
2020-04-01 00:00:00+00:00,84.91480255126953,96.88999938964844,100.37000274658203,96.06999969482422,96.0999984741211,8229700
2020-04-02 00:00:00+00:00,89.4107437133789,102.0199966430664,102.22000122070312,96.0999984741211,96.26000213623047,8353400
2020-04-03 00:00:00+00:00,87.62290954589844,99.9800033569336,103.63999938964844,98.8499984741211,102.44000244140625,6587300
2020-04-06 00:00:00+00:00,95.49299621582031,108.95999908447266,109.55999755859375,103.51000213623047,104.58000183105469,7189500
2020-04-07 00:00:00+00:00,93.12671661376953,106.26000213623047,112.93000030517578,105.83000183105469,111.69000244140625,7762200
2020-04-08 00:00:00+00:00,96.55345153808594,110.16999816894531,110.66999816894531,106.22000122070312,108.19000244140625,5426500
2020-04-09 00:00:00+00:00,94.37996673583984,107.69000244140625,112.20999908447266,107.08000183105469,111.0,5902300
2020-04-13 00:00:00+00:00,94.36241912841797,107.66999816894531,108.44999694824219,105.30000305175781,105.5,5209400
2020-04-14 00:00:00+00:00,97.23704528808594,110.94999694824219,111.43000030517578,108.97000122070312,109.5199966430664,8142400
2020-04-15 00:00:00+00:00,94.63412475585938,107.9800033569336,109.13999938964844,106.76000213623047,109.08000183105469,5381300
2020-04-16 00:00:00+00:00,97.62264251708984,111.38999938964844,111.91000366210938,107.80999755859375,109.41999816894531,5777700
2020-04-17 00:00:00+00:00,99.51568603515625,113.55000305175781,114.05999755859375,110.7300033569336,111.61000061035156,6100000
2020-04-20 00:00:00+00:00,97.745361328125,111.52999877929688,115.12000274658203,111.30000305175781,111.5199966430664,7957200
2020-04-21 00:00:00+00:00,93.635009765625,106.83999633789062,110.75,106.5,110.19999694824219,8799800
2020-04-22 00:00:00+00:00,98.13973236083984,111.9800033569336,112.45999908447266,108.61000061035156,109.68000030517578,10961000
2020-04-23 00:00:00+00:00,96.80758666992188,110.45999908447266,113.9000015258789,110.18000030517578,111.73999786376953,5374000
2020-04-24 00:00:00+00:00,99.84871673583984,113.93000030517578,114.0,111.04000091552734,111.3499984741211,5570200
2020-04-27 00:00:00+00:00,101.4700698852539,115.77999877929688,116.23999786376953,113.0199966430664,114.0,4728000
2020-04-28 00:00:00+00:00,100.12040710449219,114.23999786376953,119.80999755859375,114.06999969482422,118.12000274658203,5762300
2020-04-29 00:00:00+00:00,104.64266204833984,119.4000015258789,119.68000030517578,115.87000274658203,115.93000030517578,4936900
2020-04-30 00:00:00+00:00,101.72423553466797,116.06999969482422,117.98999786376953,115.19000244140625,117.54000091552734,5781000
2020-05-01 00:00:00+00:00,96.90166473388672,109.70999908447266,113.25,109.44999694824219,112.37999725341797,5839800
2020-05-04 00:00:00+00:00,97.59942626953125,110.5,110.66000366210938,107.83999633789062,108.91999816894531,4987000
2020-05-05 00:00:00+00:00,98.51802062988281,111.54000091552734,113.19000244140625,110.80000305175781,111.5,5242400
2020-05-06 00:00:00+00:00,99.29529571533203,112.41999816894531,113.8499984741211,111.9800033569336,112.4000015258789,3701300
2020-05-07 00:00:00+00:00,100.3816909790039,113.6500015258789,114.93000030517578,112.62000274658203,113.88999938964844,3601300
2020-05-08 00:00:00+00:00,101.57406616210938,115.0,115.54000091552734,112.75,113.95999908447266,4331200
2020-05-11 00:00:00+00:00,101.46808624267578,114.87999725341797,115.7699966430664,113.41000366210938,113.41000366210938,2723600
2020-05-12 00:00:00+00:00,98.65052795410156,111.69000244140625,115.87000274658203,111.33999633789062,115.13999938964844,3547100
2020-05-13 00:00:00+00:00,96.33638763427734,109.06999969482422,112.91999816894531,107.37999725341797,112.91999816894531,4653000
2020-05-14 00:00:00+00:00,97.46696472167969,110.3499984741211,110.44000244140625,106.41999816894531,109.0,4396100
2020-05-15 00:00:00+00:00,95.6032943725586,108.23999786376953,108.37000274658203,105.44999694824219,106.54000091552734,7237700
2020-05-18 00:00:00+00:00,101.06178283691406,114.41999816894531,115.1500015258789,110.26000213623047,111.18000030517578,6527200
2020-05-19 00:00:00+00:00,99.5249252319336,112.68000030517578,115.33999633789062,112.52999877929688,114.0199966430664,4594800
2020-05-20 00:00:00+00:00,103.76454162597656,117.4800033569336,118.83000183105469,114.63999938964844,115.13999938964844,4961600
2020-05-21 00:00:00+00:00,100.2138671875,113.45999908447266,117.33000183105469,113.37999725341797,116.44000244140625,4381700
2020-05-22 00:00:00+00:00,100.18736267089844,113.43000030517578,113.87000274658203,112.31999969482422,113.52999877929688,3061600
2020-05-26 00:00:00+00:00,102.21885681152344,115.7300033569336,117.61000061035156,115.51000213623047,115.80999755859375,4822000
2020-05-27 00:00:00+00:00,104.06485748291016,117.81999969482422,117.97000122070312,115.54000091552734,116.43000030517578,4079400
2020-05-28 00:00:00+00:00,102.34251403808594,115.87000274658203,118.69000244140625,115.51000213623047,117.76000213623047,3798200
2020-05-29 00:00:00+00:00,104.87744903564453,118.73999786376953,119.26000213623047,115.66000366210938,116.80999755859375,5953600
2020-06-01 00:00:00+00:00,104.10017395019531,117.86000061035156,118.4000015258789,116.83000183105469,117.7699966430664,2842500
2020-06-02 00:00:00+00:00,108.3486328125,122.66999816894531,122.93000030517578,117.83999633789062,118.5999984741211,7277700
2020-06-03 00:00:00+00:00,112.35858917236328,127.20999908447266,128.47000122070312,125.63999938964844,126.66999816894531,7650600
2020-06-04 00:00:00+00:00,113.56864166259766,128.5800018310547,129.0,126.29000091552734,126.37999725341797,5052500
2020-06-05 00:00:00+00:00,116.09475708007812,131.44000244140625,135.67999267578125,130.5500030517578,130.9600067138672,7788500
2020-06-08 00:00:00+00:00,117.3489761352539,132.86000061035156,133.2899932861328,129.6300048828125,130.66000366210938,5602500
2020-06-09 00:00:00+00:00,116.69535064697266,132.1199951171875,132.91000366210938,130.14999389648438,131.35000610351562,4450000
2020-06-10 00:00:00+00:00,116.05941009521484,131.39999389648438,132.7899932861328,130.99000549316406,132.4499969482422,4005700
2020-06-11 00:00:00+00:00,110.0621337890625,124.61000061035156,129.22000122070312,124.33000183105469,129.0500030517578,6013700
2020-06-12 00:00:00+00:00,109.49687957763672,123.97000122070312,127.73999786376953,122.4000015258789,127.2699966430664,5950800
2020-06-15 00:00:00+00:00,109.72650146484375,124.2300033569336,124.52999877929688,120.80000305175781,121.56999969482422,5152800
2020-06-16 00:00:00+00:00,111.38701629638672,126.11000061035156,129.1300048828125,124.4800033569336,128.27000427246094,3529000
2020-06-17 00:00:00+00:00,111.48416900634766,126.22000122070312,127.87000274658203,125.79000091552734,127.05999755859375,2934000
2020-06-18 00:00:00+00:00,111.27218627929688,125.9800033569336,126.62999725341797,125.08999633789062,125.7300033569336,3062500
2020-06-19 00:00:00+00:00,110.30944061279297,124.88999938964844,128.24000549316406,123.97000122070312,128.05999755859375,10377200
2020-06-22 00:00:00+00:00,110.60975646972656,125.2300033569336,125.45999908447266,123.11000061035156,124.7699966430664,3677600
2020-06-23 00:00:00+00:00,111.83747863769531,126.62000274658203,128.10000610351562,126.0,126.62999725341797,4679000
2020-06-24 00:00:00+00:00,109.51451873779297,123.98999786376953,126.80000305175781,123.12999725341797,125.29000091552734,4747100
2020-06-25 00:00:00+00:00,110.45960235595703,125.05999755859375,125.33999633789062,122.3499984741211,124.0,2617200
2020-06-26 00:00:00+00:00,108.96691131591797,123.37000274658203,124.88999938964844,122.4000015258789,124.62999725341797,9870700
2020-06-29 00:00:00+00:00,110.2034683227539,124.7699966430664,124.94999694824219,122.41999816894531,123.8499984741211,3540100
2020-06-30 00:00:00+00:00,112.14661407470703,126.97000122070312,127.69999694824219,124.3499984741211,124.4000015258789,5572400
2020-07-01 00:00:00+00:00,110.22996520996094,124.80000305175781,126.86000061035156,124.66999816894531,126.5999984741211,4022000
2020-07-02 00:00:00+00:00,111.12203979492188,125.80999755859375,127.16999816894531,125.0199966430664,126.38999938964844,4799000
2020-07-06 00:00:00+00:00,114.4077377319336,129.52999877929688,130.52999877929688,126.19999694824219,127.51000213623047,4957000
2020-07-07 00:00:00+00:00,113.58631896972656,128.60000610351562,129.47000122070312,128.25,128.72999572753906,3778200
2020-07-08 00:00:00+00:00,114.16928100585938,129.25999450683594,129.74000549316406,127.69000244140625,129.6699981689453,3584300
2020-07-09 00:00:00+00:00,115.20265197753906,130.42999267578125,131.99000549316406,126.9000015258789,128.7899932861328,4977300
2020-07-10 00:00:00+00:00,115.29100036621094,130.52999877929688,131.24000549316406,128.9600067138672,130.22000122070312,2659200
2020-07-13 00:00:00+00:00,113.78063201904297,128.82000732421875,133.58999633789062,128.49000549316406,132.0,4861600
2020-07-14 00:00:00+00:00,116.49220275878906,131.88999938964844,132.22999572753906,126.70999908447266,127.79000091552734,4247500
2020-07-15 00:00:00+00:00,116.72186279296875,132.14999389648438,132.4499969482422,130.08999633789062,131.42999267578125,3625100
2020-07-16 00:00:00+00:00,116.74834442138672,132.17999267578125,132.69000244140625,130.50999450683594,130.85000610351562,3337600
2020-07-17 00:00:00+00:00,118.25871276855469,133.88999938964844,135.0,132.25,133.50999450683594,4666100
2020-07-20 00:00:00+00:00,120.63467407226562,136.5800018310547,137.0,133.19000244140625,134.1999969482422,4623100
2020-07-21 00:00:00+00:00,119.6630859375,135.47999572753906,137.64999389648438,135.25999450683594,137.08999633789062,7715800
2020-07-22 00:00:00+00:00,117.0574951171875,132.52999877929688,135.17999267578125,130.49000549316406,134.60000610351562,10911900
2020-07-23 00:00:00+00:00,113.97493743896484,129.0399932861328,133.14999389648438,128.32000732421875,133.0,7793500
2020-07-24 00:00:00+00:00,114.49607849121094,129.6300048828125,131.97000122070312,128.11000061035156,129.75,5077100
2020-07-27 00:00:00+00:00,116.69535064697266,132.1199951171875,132.3300018310547,130.0399932861328,130.35000610351562,3874500
2020-07-28 00:00:00+00:00,114.93769073486328,130.1300048828125,131.80999755859375,129.72000122070312,130.89999389648438,3545300
2020-07-29 00:00:00+00:00,116.27139282226562,131.63999938964844,132.3000030517578,130.58999633789062,130.92999267578125,2818300
2020-07-30 00:00:00+00:00,114.62613677978516,128.88999938964844,129.8699951171875,127.73999786376953,128.4499969482422,4146900
2020-07-31 00:00:00+00:00,113.43444061279297,127.55000305175781,128.60000610351562,125.43000030517578,128.35000610351562,8044000
2020-08-03 00:00:00+00:00,115.00855255126953,129.32000732421875,129.5,127.68000030517578,128.14999389648438,4311800
2020-08-04 00:00:00+00:00,117.59652709960938,132.22999572753906,132.3300018310547,128.7100067138672,129.0399932861328,5361500
2020-08-05 00:00:00+00:00,118.01448059082031,132.6999969482422,132.7899932861328,130.47999572753906,130.5,4370200
2020-08-06 00:00:00+00:00,118.93939971923828,133.74000549316406,133.82000732421875,132.02999877929688,132.58999633789062,2961800
2020-08-07 00:00:00+00:00,118.77932739257812,133.55999755859375,134.11000061035156,132.47000122070312,133.74000549316406,2856700
2020-08-10 00:00:00+00:00,120.42461395263672,135.41000366210938,135.80999755859375,132.47000122070312,133.22000122070312,5526400
2020-08-11 00:00:00+00:00,120.98485565185547,136.0399932861328,138.8300018310547,135.64999389648438,136.80999755859375,5383800
2020-08-12 00:00:00+00:00,123.29716491699219,138.63999938964844,139.13999938964844,136.64999389648438,137.47000122070312,3073700
2020-08-13 00:00:00+00:00,121.97201538085938,137.14999389648438,138.60000610351562,136.9499969482422,138.11000061035156,2945100
2020-08-14 00:00:00+00:00,122.14988708496094,137.35000610351562,138.30999755859375,137.0,137.72999572753906,2062900
2020-08-17 00:00:00+00:00,122.97696685791016,138.27999877929688,139.24000549316406,137.6300048828125,137.86000061035156,2380400
2020-08-18 00:00:00+00:00,123.8929672241211,139.30999755859375,139.4600067138672,138.1999969482422,138.9600067138672,2760400
2020-08-19 00:00:00+00:00,123.15483856201172,138.47999572753906,140.8800048828125,138.02999877929688,139.6699981689453,3803200
2020-08-20 00:00:00+00:00,123.23490905761719,138.57000732421875,139.1300048828125,136.6199951171875,137.30999755859375,2761200
2020-08-21 00:00:00+00:00,124.80014038085938,140.3300018310547,140.49000549316406,137.19000244140625,138.1199951171875,4382500
2020-08-24 00:00:00+00:00,125.41375732421875,141.02000427246094,141.80999755859375,139.9199981689453,140.86000061035156,2841300
2020-08-25 00:00:00+00:00,125.98289489746094,141.66000366210938,142.22000122070312,140.97999572753906,141.5800018310547,2840700
2020-08-26 00:00:00+00:00,126.68548583984375,142.4499969482422,142.69000244140625,141.1199951171875,141.32000732421875,2974100
2020-08-27 00:00:00+00:00,125.83174133300781,141.49000549316406,143.22999572753906,140.52000427246094,143.05999755859375,2801000
2020-08-28 00:00:00+00:00,127.61040496826172,143.49000549316406,143.58999633789062,141.10000610351562,141.50999450683594,2884700
2020-08-31 00:00:00+00:00,126.41870880126953,142.14999389648438,143.27000427246094,141.82000732421875,142.64999389648438,4344600
2020-09-01 00:00:00+00:00,128.91773986816406,144.9600067138672,145.05999755859375,142.0399932861328,143.0,3563400
2020-09-02 00:00:00+00:00,131.30113220214844,147.63999938964844,148.3699951171875,145.49000549316406,146.4499969482422,4579200
2020-09-03 00:00:00+00:00,125.99182891845703,141.6699981689453,147.44000244140625,140.55999755859375,147.0,5866400
2020-09-04 00:00:00+00:00,124.92462158203125,140.47000122070312,142.52000427246094,137.7100067138672,140.85000610351562,5251600
2020-09-08 00:00:00+00:00,120.98485565185547,136.0399932861328,138.7100067138672,135.75,136.1999969482422,5893700
2020-09-09 00:00:00+00:00,124.22203063964844,139.67999267578125,140.85000610351562,137.19000244140625,138.2100067138672,5418500
2020-09-10 00:00:00+00:00,122.00760650634766,137.19000244140625,141.25,136.22000122070312,139.4199981689453,3985800
2020-09-11 00:00:00+00:00,121.27833557128906,136.3699951171875,139.0,135.25,138.22000122070312,3524400
2020-09-14 00:00:00+00:00,123.19931030273438,138.52999877929688,139.11000061035156,137.6300048828125,138.32000732421875,3120400
2020-09-15 00:00:00+00:00,125.07582092285156,140.63999938964844,141.82000732421875,139.36000061035156,139.7899932861328,2718700
2020-09-16 00:00:00+00:00,124.22203063964844,139.67999267578125,142.1300048828125,139.61000061035156,142.08999633789062,3591700
2020-09-17 00:00:00+00:00,124.86238861083984,140.39999389648438,140.52999877929688,135.9199981689453,136.4199981689453,5646100
2020-09-18 00:00:00+00:00,123.31493377685547,138.66000366210938,141.8000030517578,137.0,141.13999938964844,7025900
2020-09-21 00:00:00+00:00,121.82084655761719,136.97999572753906,137.1199951171875,134.32000732421875,135.8699951171875,6036000
2020-09-22 00:00:00+00:00,123.3060302734375,138.64999389648438,138.82000732421875,135.6300048828125,137.77999877929688,3213200
2020-09-23 00:00:00+00:00,120.2022705078125,135.16000366210938,139.08999633789062,134.72000122070312,139.08999633789062,5766400
2020-09-24 00:00:00+00:00,121.56294250488281,136.69000244140625,138.32000732421875,134.1199951171875,134.1199951171875,2911000
2020-09-25 00:00:00+00:00,123.01256561279297,138.32000732421875,139.10000610351562,134.75,135.9499969482422,3036000
2020-09-28 00:00:00+00:00,126.23193359375,141.94000244140625,142.0,139.72000122070312,140.22000122070312,3454100
2020-09-29 00:00:00+00:00,125.84065246582031,141.5,143.0500030517578,141.1999969482422,142.2899932861328,2722900
2020-09-30 00:00:00+00:00,126.98786163330078,142.7899932861328,144.25,140.50999450683594,141.16000366210938,5599600
2020-10-01 00:00:00+00:00,128.87326049804688,144.91000366210938,147.22000122070312,143.99000549316406,145.44000244140625,4431200
2020-10-02 00:00:00+00:00,125.47601318359375,141.08999633789062,143.92999267578125,140.83999633789062,142.0800018310547,3928600
2020-10-05 00:00:00+00:00,128.1351318359375,144.0800018310547,144.22999572753906,141.57000732421875,142.2899932861328,3052800
2020-10-06 00:00:00+00:00,127.93058776855469,143.85000610351562,147.13999938964844,142.97000122070312,143.85000610351562,3418700
2020-10-07 00:00:00+00:00,130.50962829589844,146.75,147.2899932861328,144.80999755859375,145.33999633789062,2845500
2020-10-08 00:00:00+00:00,131.67465209960938,148.05999755859375,148.30999755859375,146.55999755859375,146.8300018310547,2323700
2020-10-09 00:00:00+00:00,134.20928955078125,150.91000366210938,151.52000427246094,148.85000610351562,150.0800018310547,4209800
2020-10-12 00:00:00+00:00,137.7576904296875,154.89999389648438,155.75999450683594,151.8300018310547,152.5800018310547,5147800
2020-10-13 00:00:00+00:00,137.39303588867188,154.49000549316406,155.8800048828125,153.67999267578125,155.11000061035156,3524000
2020-10-14 00:00:00+00:00,135.8634490966797,152.77000427246094,154.72999572753906,152.17999267578125,154.5,3267400
2020-10-15 00:00:00+00:00,135.6677703857422,152.5500030517578,153.0500030517578,150.86000061035156,151.82000732421875,2936000
2020-10-16 00:00:00+00:00,136.17466735839844,153.1199951171875,154.9199981689453,152.72999572753906,153.97000122070312,4599700
2020-10-19 00:00:00+00:00,134.0758514404297,150.75999450683594,154.9199981689453,150.25999450683594,153.27999877929688,4225400
2020-10-20 00:00:00+00:00,134.13807678222656,150.8300018310547,152.24000549316406,149.69000244140625,151.7899932861328,3916100
2020-10-21 00:00:00+00:00,129.95826721191406,146.1300048828125,149.4600067138672,144.66000366210938,149.10000610351562,6700600
2020-10-22 00:00:00+00:00,131.81698608398438,148.22000122070312,148.8800048828125,145.8300018310547,146.82000732421875,3167200
2020-10-23 00:00:00+00:00,133.3643798828125,149.9600067138672,150.0,148.32000732421875,148.4199981689453,3509100
2020-10-26 00:00:00+00:00,129.7981719970703,145.9499969482422,148.5,144.22000122070312,148.1999969482422,4290700
2020-10-27 00:00:00+00:00,130.8386993408203,147.1199951171875,148.3300018310547,146.5500030517578,147.6300048828125,4102400
2020-10-28 00:00:00+00:00,127.17462921142578,143.0,145.86000061035156,141.75999450683594,144.6999969482422,7413600
2020-10-29 00:00:00+00:00,130.94561767578125,146.19000244140625,147.30999755859375,141.3300018310547,141.69000244140625,5600400
2020-10-30 00:00:00+00:00,129.51242065429688,144.58999633789062,145.9499969482422,142.52999877929688,145.0,5427000
2020-11-02 00:00:00+00:00,130.41717529296875,145.60000610351562,146.89999389648438,144.22000122070312,146.4600067138672,3756600
2020-11-03 00:00:00+00:00,131.9398651123047,147.3000030517578,148.58999633789062,146.66000366210938,146.86000061035156,3588600
2020-11-04 00:00:00+00:00,136.17665100097656,152.02999877929688,153.5,148.44000244140625,150.8000030517578,5015300
2020-11-05 00:00:00+00:00,139.3385467529297,155.55999755859375,156.3000030517578,154.14999389648438,154.83999633789062,4638100
2020-11-06 00:00:00+00:00,141.2912139892578,157.74000549316406,158.2100067138672,154.94000244140625,156.0500030517578,4217700
2020-11-09 00:00:00+00:00,139.92971801757812,156.22000122070312,164.6300048828125,156.05999755859375,162.0,5308600
2020-11-10 00:00:00+00:00,135.69296264648438,151.49000549316406,156.35000610351562,151.02000427246094,155.3800048828125,5697900
2020-11-11 00:00:00+00:00,139.4639129638672,155.6999969482422,155.94000244140625,153.63999938964844,154.94000244140625,3497200
2020-11-12 00:00:00+00:00,138.3890838623047,154.5,156.92999267578125,153.66000366210938,156.02000427246094,2607100
2020-11-13 00:00:00+00:00,140.31488037109375,156.64999389648438,157.97999572753906,155.16000366210938,156.63999938964844,2439800
2020-11-16 00:00:00+00:00,141.8017578125,158.30999755859375,159.38999938964844,156.6199951171875,157.27000427246094,3456500
2020-11-17 00:00:00+00:00,139.28482055664062,155.5,158.30999755859375,155.17999267578125,157.38999938964844,3526700
2020-11-18 00:00:00+00:00,137.5381622314453,153.5500030517578,156.33999633789062,153.41000366210938,155.74000549316406,2998400
2020-11-19 00:00:00+00:00,140.8702392578125,157.27000427246094,157.42999267578125,152.7100067138672,153.1199951171875,2465300
2020-11-20 00:00:00+00:00,140.4671630859375,156.82000732421875,158.75,156.5500030517578,157.32000732421875,3013000
2020-11-23 00:00:00+00:00,141.00457763671875,157.4199981689453,158.7100067138672,155.13999938964844,156.89999389648438,2803000
2020-11-24 00:00:00+00:00,142.7333526611328,159.35000610351562,159.4600067138672,156.69000244140625,158.6199951171875,4962800
2020-11-25 00:00:00+00:00,141.16583251953125,157.60000610351562,160.02000427246094,157.25999450683594,159.5500030517578,3543700
2020-11-27 00:00:00+00:00,142.41085815429688,158.99000549316406,160.2899932861328,158.77999877929688,159.3800048828125,3084400
2020-11-30 00:00:00+00:00,144.4351806640625,161.25,161.50999450683594,157.72000122070312,159.22999572753906,4845200
2020-12-01 00:00:00+00:00,146.4416046142578,163.49000549316406,164.3300018310547,161.6300048828125,162.6300048828125,4894400
2020-12-02 00:00:00+00:00,145.75189208984375,162.72000122070312,163.57000732421875,161.82000732421875,162.7899932861328,4212300
2020-12-03 00:00:00+00:00,145.08905029296875,161.97999572753906,164.55999755859375,161.60000610351562,163.16000366210938,4778600
2020-12-04 00:00:00+00:00,149.15567016601562,166.52000427246094,166.60000610351562,162.52000427246094,163.00999450683594,3741600
2020-12-07 00:00:00+00:00,148.94964599609375,166.2899932861328,166.4499969482422,165.24000549316406,166.3699951171875,4645300
2020-12-08 00:00:00+00:00,149.29896545410156,166.67999267578125,167.24000549316406,165.0,166.3000030517578,3259900
2020-12-09 00:00:00+00:00,145.7877197265625,162.75999450683594,166.47000122070312,161.9600067138672,164.8000030517578,5593900
2020-12-10 00:00:00+00:00,145.1069793701172,162.0,162.8699951171875,160.77999877929688,162.16000366210938,5597300
2020-12-11 00:00:00+00:00,143.86195373535156,160.61000061035156,161.9499969482422,159.6300048828125,160.61000061035156,4145800
2020-12-14 00:00:00+00:00,143.4230194091797,160.1199951171875,162.75,159.99000549316406,161.4499969482422,5994200
2020-12-15 00:00:00+00:00,145.4473419189453,162.3800048828125,162.72999572753906,161.2100067138672,162.02000427246094,5732100
2020-12-16 00:00:00+00:00,145.2144775390625,162.1199951171875,163.36000061035156,160.9199981689453,162.94000244140625,3147900
2020-12-17 00:00:00+00:00,145.7250518798828,162.69000244140625,163.00999450683594,161.41000366210938,162.91000366210938,5253400
2020-12-18 00:00:00+00:00,146.96116638183594,164.07000732421875,164.61000061035156,162.10000610351562,163.3699951171875,7072600
2020-12-21 00:00:00+00:00,145.4921417236328,162.42999267578125,162.8000030517578,159.55999755859375,161.5500030517578,3077300
2020-12-22 00:00:00+00:00,145.57276916503906,162.52000427246094,163.4600067138672,162.05999755859375,162.19000244140625,2640900
2020-12-23 00:00:00+00:00,144.193359375,160.97999572753906,163.22999572753906,160.80999755859375,162.1999969482422,2012400
2020-12-24 00:00:00+00:00,144.7845458984375,161.63999938964844,161.85000610351562,160.47999572753906,160.72000122070312,1044400
2020-12-28 00:00:00+00:00,144.63226318359375,161.47000122070312,163.75999450683594,161.0,163.75999450683594,2139300
2020-12-29 00:00:00+00:00,144.3724822998047,161.17999267578125,162.67999267578125,160.57000732421875,161.9600067138672,2433700
2020-12-30 00:00:00+00:00,145.7339630126953,162.6999969482422,163.1300048828125,161.75999450683594,161.88999938964844,2213800
2020-12-31 00:00:00+00:00,147.01486206054688,164.1300048828125,164.38999938964844,161.88999938964844,162.8699951171875,2906200
2021-01-04 00:00:00+00:00,145.30404663085938,162.22000122070312,167.83999633789062,160.75999450683594,164.60000610351562,4659900
2021-01-05 00:00:00+00:00,146.36997985839844,163.41000366210938,163.52999877929688,161.27999877929688,161.6999969482422,4734100
2021-01-06 00:00:00+00:00,147.09548950195312,164.22000122070312,167.4499969482422,162.07000732421875,162.3000030517578,5254400
2021-01-07 00:00:00+00:00,150.4275665283203,167.94000244140625,168.6999969482422,164.82000732421875,165.3300018310547,5673600
2021-01-08 00:00:00+00:00,153.3118133544922,171.16000366210938,172.75,168.86000061035156,171.1199951171875,4556500
2021-01-11 00:00:00+00:00,153.44618225097656,171.30999755859375,172.0399932861328,169.13999938964844,170.24000549316406,4553100
2021-01-12 00:00:00+00:00,154.3329620361328,172.3000030517578,173.66000366210938,170.97000122070312,171.2899932861328,3406600
2021-01-13 00:00:00+00:00,153.5357666015625,171.41000366210938,172.85000610351562,170.8699951171875,172.2899932861328,2953900
2021-01-14 00:00:00+00:00,153.8044891357422,171.7100067138672,172.5399932861328,170.35000610351562,171.10000610351562,3416300
2021-01-15 00:00:00+00:00,151.5471954345703,169.19000244140625,171.08999633789062,167.57000732421875,170.97999572753906,3734600
2021-01-19 00:00:00+00:00,156.02584838867188,174.19000244140625,174.6999969482422,171.19000244140625,171.19000244140625,6277800
2021-01-20 00:00:00+00:00,155.2555389404297,173.3300018310547,175.17999267578125,172.7899932861328,174.83999633789062,4329500
2021-01-21 00:00:00+00:00,156.8409423828125,175.10000610351562,175.47000122070312,172.11000061035156,174.4199981689453,3583900
2021-01-22 00:00:00+00:00,154.78973388671875,172.80999755859375,175.4499969482422,172.75,174.49000549316406,3736800
2021-01-25 00:00:00+00:00,154.8882598876953,172.9199981689453,174.57000732421875,170.67999267578125,173.3699951171875,5401900
2021-01-26 00:00:00+00:00,153.5894775390625,171.47000122070312,174.27999877929688,171.3000030517578,172.07000732421875,5341900
2021-01-27 00:00:00+00:00,145.94003295898438,162.92999267578125,167.6199951171875,162.0399932861328,166.4499969482422,10011200
2021-01-28 00:00:00+00:00,151.5830841064453,169.22999572753906,171.10000610351562,165.13999938964844,167.8800048828125,6796600
2021-01-29 00:00:00+00:00,149.3121337890625,165.69000244140625,168.0,164.02000427246094,166.64999389648438,5969800
2021-02-01 00:00:00+00:00,155.4129638671875,172.4600067138672,173.0,167.02000427246094,167.36000061035156,5715600
2021-02-02 00:00:00+00:00,157.47659301757812,174.75,175.6999969482422,172.00999450683594,173.0500030517578,4861200
2021-02-03 00:00:00+00:00,151.91647338867188,168.5800018310547,175.25999450683594,168.5,174.77999877929688,5019200
2021-02-04 00:00:00+00:00,154.99844360351562,172.0,172.1199951171875,168.05999755859375,169.9600067138672,3519800
2021-02-05 00:00:00+00:00,153.13304138183594,169.92999267578125,173.17999267578125,168.05999755859375,172.8000030517578,4045000
2021-02-08 00:00:00+00:00,157.81002807617188,175.1199951171875,175.38999938964844,170.83999633789062,171.33999633789062,4597600
2021-02-09 00:00:00+00:00,156.52139282226562,173.69000244140625,175.22000122070312,173.3300018310547,174.5,2777700
2021-02-10 00:00:00+00:00,157.1251678466797,174.36000061035156,176.13999938964844,172.6199951171875,175.1999969482422,3414600
2021-02-11 00:00:00+00:00,161.50474548339844,179.22000122070312,179.64999389648438,175.44000244140625,176.0,4776000
2021-02-12 00:00:00+00:00,161.8832244873047,179.63999938964844,179.89999389648438,177.3300018310547,178.0,2532500
2021-02-16 00:00:00+00:00,162.89254760742188,180.75999450683594,181.8000030517578,178.83999633789062,180.0,3887600
2021-02-17 00:00:00+00:00,160.88296508789062,178.52999877929688,180.2100067138672,176.36000061035156,178.32000732421875,4315100
2021-02-18 00:00:00+00:00,159.0626220703125,176.50999450683594,177.52000427246094,174.1999969482422,177.42999267578125,4195100
2021-02-19 00:00:00+00:00,160.72076416015625,178.35000610351562,179.57000732421875,176.63999938964844,177.86000061035156,4248500
2021-02-22 00:00:00+00:00,155.98065185546875,173.08999633789062,176.9199981689453,172.67999267578125,176.0,4386900
2021-02-23 00:00:00+00:00,155.76441955566406,172.85000610351562,174.44000244140625,168.50999450683594,174.1699981689453,6514400
2021-02-24 00:00:00+00:00,161.65794372558594,179.38999938964844,179.77000427246094,170.57000732421875,171.6300048828125,5100500
2021-02-25 00:00:00+00:00,153.67376708984375,170.52999877929688,178.5,170.05999755859375,178.5,6099600
2021-02-26 00:00:00+00:00,155.2417449951172,172.27000427246094,173.85000610351562,169.1300048828125,173.27999877929688,6060600
2021-03-01 00:00:00+00:00,160.1079559326172,177.6699981689453,177.86000061035156,173.08999633789062,174.5,4771500
2021-03-02 00:00:00+00:00,157.60275268554688,174.88999938964844,177.66000366210938,174.14999389648438,177.57000732421875,5401500
2021-03-03 00:00:00+00:00,153.727783203125,170.58999633789062,175.6199951171875,170.36000061035156,174.08999633789062,4715900
2021-03-04 00:00:00+00:00,147.11334228515625,163.25,170.85000610351562,161.6699981689453,170.5,8318900
2021-03-05 00:00:00+00:00,151.33970642089844,167.94000244140625,168.8300018310547,162.02999877929688,167.5399932861328,5681200
2021-03-08 00:00:00+00:00,146.0860137939453,162.11000061035156,168.27000427246094,161.77000427246094,166.38999938964844,6065400
2021-03-09 00:00:00+00:00,153.52052307128906,170.36000061035156,171.85000610351562,166.2899932861328,167.1699981689453,7610300
2021-03-10 00:00:00+00:00,152.67344665527344,169.4199981689453,173.0,169.30999755859375,171.64999389648438,4270500
2021-03-11 00:00:00+00:00,157.6568145751953,174.9499969482422,175.60000610351562,172.47000122070312,172.50999450683594,5002700
2021-03-12 00:00:00+00:00,156.4132537841797,173.57000732421875,174.10000610351562,170.75,173.02000427246094,3514600
2021-03-15 00:00:00+00:00,157.6208038330078,174.91000366210938,175.08999633789062,171.75999450683594,173.47000122070312,3876500
2021-03-16 00:00:00+00:00,159.63035583496094,177.13999938964844,178.80999755859375,175.8300018310547,176.25,4132600
2021-03-17 00:00:00+00:00,161.6219024658203,179.35000610351562,180.17999267578125,174.4199981689453,175.44000244140625,4004800
2021-03-18 00:00:00+00:00,157.1251678466797,174.36000061035156,179.77000427246094,174.24000549316406,176.16000366210938,4214400
2021-03-19 00:00:00+00:00,158.5850067138672,175.97999572753906,178.0500030517578,172.4499969482422,175.69000244140625,8447300
2021-03-22 00:00:00+00:00,162.29779052734375,180.10000610351562,181.69000244140625,177.75,178.2899932861328,4476100
2021-03-23 00:00:00+00:00,161.10821533203125,178.77999877929688,182.57000732421875,177.7100067138672,181.91000366210938,4688500
2021-03-24 00:00:00+00:00,161.2163848876953,178.89999389648438,182.69000244140625,178.77999877929688,179.99000549316406,5056100
2021-03-25 00:00:00+00:00,160.846923828125,178.49000549316406,179.4499969482422,173.75,177.52999877929688,4878500
2021-03-26 00:00:00+00:00,169.59710693359375,188.1999969482422,188.8699951171875,177.00999450683594,177.75999450683594,6363500
2021-03-29 00:00:00+00:00,167.7767791748047,186.17999267578125,187.6999969482422,183.74000549316406,184.85000610351562,4983600
2021-03-30 00:00:00+00:00,167.5605010986328,185.94000244140625,188.50999450683594,184.6199951171875,188.50999450683594,4458700
2021-03-31 00:00:00+00:00,170.30899047851562,188.99000549316406,190.4499969482422,186.52999877929688,187.60000610351562,5427500
2021-04-01 00:00:00+00:00,173.07559204101562,192.05999755859375,192.5399932861328,190.02000427246094,191.11000061035156,4581300
2021-04-05 00:00:00+00:00,177.4641876220703,196.92999267578125,197.5800018310547,193.6300048828125,194.0,4323900
2021-04-06 00:00:00+00:00,175.3555145263672,194.58999633789062,196.83999633789062,193.0399932861328,194.22000122070312,3506900
2021-04-07 00:00:00+00:00,174.00376892089844,193.08999633789062,194.49000549316406,191.50999450683594,194.4600067138672,3678900
2021-04-08 00:00:00+00:00,175.90516662597656,195.1999969482422,196.08999633789062,193.35000610351562,196.08999633789062,3157200
2021-04-09 00:00:00+00:00,176.11245727539062,195.42999267578125,195.55999755859375,192.74000549316406,193.30999755859375,3127300
2021-04-12 00:00:00+00:00,173.4090118408203,192.42999267578125,194.72000122070312,191.33999633789062,192.63999938964844,4504800
2021-04-13 00:00:00+00:00,172.33663940429688,191.24000549316406,193.0,189.75999450683594,192.13999938964844,4009300
2021-04-14 00:00:00+00:00,171.51657104492188,190.3300018310547,191.5,189.00999450683594,190.4600067138672,3555000
2021-04-15 00:00:00+00:00,174.07586669921875,193.1699981689453,193.52999877929688,190.82000732421875,191.92999267578125,4471900
2021-04-16 00:00:00+00:00,172.95840454101562,191.92999267578125,194.77999877929688,191.63999938964844,193.66000366210938,5792900
2021-04-19 00:00:00+00:00,168.56980895996094,187.05999755859375,191.10000610351562,186.72000122070312,190.35000610351562,5334900
2021-04-20 00:00:00+00:00,166.95675659179688,185.27000427246094,186.97999572753906,184.27999877929688,186.97999572753906,4258900
2021-04-21 00:00:00+00:00,170.22792053222656,188.89999389648438,189.13999938964844,184.9600067138672,187.89999389648438,4796500
2021-04-22 00:00:00+00:00,167.43434143066406,185.8000030517578,188.7899932861328,184.77000427246094,186.66000366210938,3853100
2021-04-23 00:00:00+00:00,170.15585327148438,188.82000732421875,190.00999450683594,186.50999450683594,187.02000427246094,3512400
2021-04-26 00:00:00+00:00,172.4447784423828,191.36000061035156,192.17999267578125,187.88999938964844,188.86000061035156,3842300
2021-04-27 00:00:00+00:00,171.40846252441406,190.2100067138672,192.50999450683594,189.77999877929688,191.05999755859375,3864100
2021-04-28 00:00:00+00:00,163.84776306152344,181.82000732421875,184.0,180.0,181.63999938964844,9434200
2021-04-29 00:00:00+00:00,167.452392578125,185.82000732421875,186.0500030517578,182.64999389648438,183.6300048828125,4547300
2021-04-30 00:00:00+00:00,163.56509399414062,180.50999450683594,182.89999389648438,179.1300048828125,182.17999267578125,6193600
2021-05-03 00:00:00+00:00,162.01564025878906,178.8000030517578,181.8000030517578,177.55999755859375,181.49000549316406,5136100
2021-05-04 00:00:00+00:00,162.2239990234375,179.02999877929688,179.25,175.52999877929688,178.25999450683594,5222300
2021-05-05 00:00:00+00:00,164.5980682373047,181.64999389648438,183.17999267578125,179.47999572753906,181.00999450683594,5257100
2021-05-06 00:00:00+00:00,166.97213745117188,184.27000427246094,184.83999633789062,179.9499969482422,181.92999267578125,4525800
2021-05-07 00:00:00+00:00,170.134521484375,187.75999450683594,188.10000610351562,185.4199981689453,186.6999969482422,4591400
2021-05-10 00:00:00+00:00,164.96051025390625,182.0500030517578,187.2899932861328,181.82000732421875,187.2899932861328,4580400
2021-05-11 00:00:00+00:00,166.00257873535156,183.1999969482422,183.52999877929688,177.41000366210938,178.41000366210938,4641300
2021-05-12 00:00:00+00:00,160.02212524414062,176.60000610351562,180.10000610351562,176.27000427246094,179.69000244140625,5297900
2021-05-13 00:00:00+00:00,162.18775939941406,178.99000549316406,180.6300048828125,177.25,179.99000549316406,4361000
2021-05-14 00:00:00+00:00,166.06600952148438,183.27000427246094,184.9199981689453,179.5,180.6999969482422,4433500
2021-05-17 00:00:00+00:00,163.85504150390625,180.8300018310547,182.3800048828125,178.85000610351562,182.25,4162300
2021-05-18 00:00:00+00:00,162.0790252685547,178.8699951171875,181.86000061035156,178.58999633789062,181.11000061035156,3454100
2021-05-19 00:00:00+00:00,164.66148376464844,181.72000122070312,181.92999267578125,175.0,175.24000549316406,4780000
2021-05-20 00:00:00+00:00,167.9054412841797,185.3000030517578,186.5399932861328,182.27999877929688,182.27999877929688,5387000
2021-05-21 00:00:00+00:00,167.64263916015625,185.00999450683594,186.69000244140625,184.13999938964844,186.69000244140625,3682300
2021-05-24 00:00:00+00:00,170.97720336914062,188.69000244140625,189.35000610351562,186.4499969482422,186.4499969482422,4175900
2021-05-25 00:00:00+00:00,170.98626708984375,188.6999969482422,189.67999267578125,187.8800048828125,189.47000122070312,4270100
2021-05-26 00:00:00+00:00,170.67819213867188,188.36000061035156,189.77999877929688,186.92999267578125,188.05999755859375,4221600
2021-05-27 00:00:00+00:00,171.3759002685547,189.1300048828125,190.0500030517578,187.8800048828125,188.74000549316406,10107700
2021-05-28 00:00:00+00:00,172.0011444091797,189.82000732421875,191.02999877929688,189.27000427246094,190.0500030517578,3306500
2021-06-01 00:00:00+00:00,171.2581024169922,189.0,192.02999877929688,188.0399932861328,191.3800048828125,4817300
2021-06-02 00:00:00+00:00,172.84381103515625,190.75,190.86000061035156,188.33999633789062,189.5,3137900
2021-06-03 00:00:00+00:00,168.5397491455078,186.0,187.86000061035156,184.89999389648438,187.69000244140625,4205300
2021-06-04 00:00:00+00:00,172.2276611328125,190.07000732421875,190.3800048828125,187.47999572753906,187.77999877929688,3462900
2021-06-07 00:00:00+00:00,170.850341796875,188.5500030517578,189.8000030517578,187.66000366210938,189.1999969482422,2726100
2021-06-08 00:00:00+00:00,169.38241577148438,186.92999267578125,189.97000122070312,186.11000061035156,189.97000122070312,3063600
2021-06-09 00:00:00+00:00,168.94749450683594,186.4499969482422,188.1300048828125,186.1699981689453,188.08999633789062,2866900
2021-06-10 00:00:00+00:00,170.3519744873047,188.0,188.89999389648438,185.89999389648438,186.33999633789062,3188700
2021-06-11 00:00:00+00:00,170.95904541015625,188.6699981689453,188.74000549316406,186.94000244140625,188.0800018310547,2309400
2021-06-14 00:00:00+00:00,172.39984130859375,190.25999450683594,190.35000610351562,187.07000732421875,188.25999450683594,3360300
2021-06-15 00:00:00+00:00,170.9047393798828,188.61000061035156,190.72999572753906,188.1199951171875,190.4600067138672,2600100
2021-06-16 00:00:00+00:00,170.10736083984375,187.72999572753906,190.49000549316406,186.3000030517578,189.91000366210938,3357900
2021-06-17 00:00:00+00:00,170.0348358154297,187.64999389648438,189.52999877929688,186.1999969482422,187.24000549316406,3222300
2021-06-18 00:00:00+00:00,165.884765625,183.07000732421875,186.30999755859375,182.5,186.00999450683594,7535200
2021-06-21 00:00:00+00:00,168.63938903808594,186.11000061035156,186.63999938964844,183.36000061035156,184.25,3771200
2021-06-22 00:00:00+00:00,169.4821014404297,187.0399932861328,187.27999877929688,184.33999633789062,185.49000549316406,3299700
2021-06-23 00:00:00+00:00,168.63034057617188,186.10000610351562,187.47999572753906,185.99000549316406,186.47999572753906,2473300
2021-06-24 00:00:00+00:00,170.9047393798828,188.61000061035156,188.6999969482422,187.4499969482422,188.0500030517578,2876700
2021-06-25 00:00:00+00:00,170.50601196289062,188.1699981689453,190.25,187.35000610351562,188.0500030517578,4639100
2021-06-28 00:00:00+00:00,173.55059814453125,191.52999877929688,192.3800048828125,188.97000122070312,188.97000122070312,3228700
2021-06-29 00:00:00+00:00,174.7738800048828,192.8800048828125,193.00999450683594,190.92999267578125,191.52000427246094,2108700
2021-06-30 00:00:00+00:00,174.248291015625,192.3000030517578,193.0,191.49000549316406,192.83999633789062,2687600
2021-07-01 00:00:00+00:00,172.92539978027344,190.83999633789062,192.47999572753906,190.05999755859375,192.02000427246094,3455900
2021-07-02 00:00:00+00:00,174.1667938232422,192.2100067138672,192.8000030517578,190.91000366210938,192.6300048828125,2389900
2021-07-06 00:00:00+00:00,173.2515869140625,191.1999969482422,192.77000427246094,189.5500030517578,192.5800018310547,2619600
2021-07-07 00:00:00+00:00,171.9648895263672,189.77999877929688,192.99000549316406,188.97999572753906,192.77000427246094,2749500
2021-07-08 00:00:00+00:00,170.56947326660156,188.24000549316406,189.3000030517578,185.3699951171875,187.55999755859375,3146900
2021-07-09 00:00:00+00:00,172.40887451171875,190.27000427246094,190.8699951171875,187.0,188.1699981689453,3109200
2021-07-12 00:00:00+00:00,173.9040069580078,191.9199981689453,192.02000427246094,190.08999633789062,190.5500030517578,4069500
2021-07-13 00:00:00+00:00,173.2515869140625,191.1999969482422,192.4600067138672,190.72000122070312,191.22999572753906,2695100
2021-07-14 00:00:00+00:00,173.3240966796875,191.27999877929688,194.08999633789062,190.72999572753906,193.0,3590200
2021-07-15 00:00:00+00:00,170.58755493164062,188.25999450683594,191.27999877929688,187.39999389648438,190.47000122070312,4259900
2021-07-16 00:00:00+00:00,168.64845275878906,186.1199951171875,190.24000549316406,185.72999572753906,189.27000427246094,4337500
2021-07-19 00:00:00+00:00,168.75718688964844,186.24000549316406,186.3300018310547,183.3699951171875,184.27999877929688,4181300
2021-07-20 00:00:00+00:00,170.1436004638672,187.77000427246094,189.17999267578125,185.75999450683594,187.05999755859375,4287300
2021-07-21 00:00:00+00:00,176.00619506835938,194.24000549316406,194.25,188.4499969482422,188.4499969482422,6352800
2021-07-22 00:00:00+00:00,166.6459503173828,183.91000366210938,187.66000366210938,183.52999877929688,185.74000549316406,12673900
2021-07-23 00:00:00+00:00,170.2542266845703,186.85000610351562,186.92999267578125,182.16000366210938,184.19000244140625,5983000
2021-07-26 00:00:00+00:00,171.53892517089844,188.25999450683594,188.99000549316406,185.30999755859375,185.36000061035156,4516600
2021-07-27 00:00:00+00:00,168.68698120117188,185.1300048828125,187.83999633789062,182.22999572753906,187.52000427246094,4649900
2021-07-28 00:00:00+00:00,170.2542266845703,186.85000610351562,187.5,185.02000427246094,186.32000732421875,2956700
2021-07-29 00:00:00+00:00,172.9695281982422,189.8300018310547,190.4600067138672,187.4600067138672,187.83999633789062,3081800
2021-07-30 00:00:00+00:00,173.68934631347656,190.6199951171875,190.9499969482422,188.3699951171875,188.5,2521600
2021-08-02 00:00:00+00:00,173.78045654296875,190.72000122070312,193.60000610351562,190.41000366210938,192.39999389648438,2922600
2021-08-03 00:00:00+00:00,172.52304077148438,189.33999633789062,191.4499969482422,187.44000244140625,190.92999267578125,3703400
2021-08-04 00:00:00+00:00,175.29302978515625,192.3800048828125,193.3699951171875,189.25,189.88999938964844,3793600
2021-08-05 00:00:00+00:00,176.00375366210938,193.16000366210938,193.89999389648438,191.58999633789062,193.8000030517578,2769500
2021-08-06 00:00:00+00:00,175.82151794433594,192.9600067138672,193.6300048828125,192.19000244140625,192.3699951171875,2414300
2021-08-09 00:00:00+00:00,173.5344696044922,190.4499969482422,193.52999877929688,190.3300018310547,193.27999877929688,2395900
2021-08-10 00:00:00+00:00,172.8054962158203,189.64999389648438,190.5399932861328,186.82000732421875,190.5399932861328,3497100
2021-08-11 00:00:00+00:00,172.66880798339844,189.5,191.1699981689453,188.0,191.1699981689453,2339300
2021-08-12 00:00:00+00:00,171.18362426757812,187.8699951171875,189.05999755859375,186.16000366210938,188.85000610351562,3949600
2021-08-13 00:00:00+00:00,171.9398651123047,188.6999969482422,188.77999877929688,187.0,187.5399932861328,1923700
2021-08-16 00:00:00+00:00,172.98773193359375,189.85000610351562,189.9600067138672,188.10000610351562,188.49000549316406,2506100
2021-08-17 00:00:00+00:00,169.77127075195312,186.32000732421875,188.74000549316406,185.10000610351562,188.5500030517578,3411800
2021-08-18 00:00:00+00:00,167.47509765625,183.8000030517578,186.55999755859375,183.55999755859375,185.7100067138672,2862500
2021-08-19 00:00:00+00:00,168.60494995117188,185.0399932861328,185.97000122070312,181.9600067138672,182.75,3871700
2021-08-20 00:00:00+00:00,168.54116821289062,184.97000122070312,186.16000366210938,183.32000732421875,185.25999450683594,3855300
2021-08-23 00:00:00+00:00,171.16539001464844,187.85000610351562,188.63999938964844,185.57000732421875,185.8000030517578,3529000
2021-08-24 00:00:00+00:00,171.13803100585938,187.82000732421875,189.52999877929688,187.52999877929688,187.9199981689453,3268200
2021-08-25 00:00:00+00:00,171.3840789794922,188.08999633789062,189.1199951171875,187.3300018310547,188.3699951171875,3163600
2021-08-26 00:00:00+00:00,171.2747344970703,187.97000122070312,188.58999633789062,186.57000732421875,187.66000366210938,3643700
2021-08-27 00:00:00+00:00,173.59823608398438,190.52000427246094,190.8000030517578,188.05999755859375,188.39999389648438,2859800
2021-08-30 00:00:00+00:00,174.42739868164062,191.42999267578125,192.2899932861328,190.7100067138672,191.38999938964844,2356500
2021-08-31 00:00:00+00:00,173.95361328125,190.91000366210938,192.6999969482422,189.11000061035156,192.10000610351562,4227500
2021-09-01 00:00:00+00:00,171.62098693847656,188.35000610351562,191.77999877929688,188.1699981689453,191.77999877929688,4536600
2021-09-02 00:00:00+00:00,172.58682250976562,189.41000366210938,189.4199981689453,188.0399932861328,189.2100067138672,2061400
2021-09-03 00:00:00+00:00,173.01507568359375,189.8800048828125,190.8300018310547,188.1999969482422,188.6699981689453,2103400
2021-09-07 00:00:00+00:00,172.6324005126953,189.4600067138672,190.10000610351562,188.47999572753906,189.3300018310547,2295900
2021-09-08 00:00:00+00:00,172.031005859375,188.8000030517578,189.0399932861328,187.1199951171875,188.5,2021600
2021-09-09 00:00:00+00:00,171.7303009033203,188.47000122070312,190.6300048828125,188.25999450683594,189.66000366210938,1827900
2021-09-10 00:00:00+00:00,173.7166748046875,190.64999389648438,193.4499969482422,189.33999633789062,189.33999633789062,3331700
2021-09-13 00:00:00+00:00,176.7509307861328,193.97999572753906,194.1300048828125,191.24000549316406,192.9600067138672,3687200
2021-09-14 00:00:00+00:00,177.7805938720703,195.11000061035156,196.33999633789062,193.8000030517578,195.0,3239600
2021-09-15 00:00:00+00:00,179.95831298828125,197.5,197.58999633789062,194.8300018310547,196.1300048828125,3995900
2021-09-16 00:00:00+00:00,179.3386688232422,196.82000732421875,197.33999633789062,194.85000610351562,196.58999633789062,2661500
2021-09-17 00:00:00+00:00,178.81932067871094,196.25,197.30999755859375,194.61000061035156,197.30999755859375,5819300
2021-09-20 00:00:00+00:00,175.48439025878906,192.58999633789062,193.74000549316406,189.75999450683594,192.8800048828125,4614300
2021-09-21 00:00:00+00:00,175.82151794433594,192.9600067138672,194.49000549316406,190.83999633789062,193.9600067138672,3093400
2021-09-22 00:00:00+00:00,178.51861572265625,195.9199981689453,196.6999969482422,193.74000549316406,194.75,3526100
2021-09-23 00:00:00+00:00,181.0243682861328,198.6699981689453,199.10000610351562,195.7899932861328,196.3000030517578,2756900
2021-09-24 00:00:00+00:00,182.82847595214844,200.64999389648438,200.9199981689453,197.1199951171875,197.3699951171875,3191500
2021-09-27 00:00:00+00:00,182.5369415283203,200.3300018310547,200.4499969482422,197.6699981689453,198.22999572753906,3022300
2021-09-28 00:00:00+00:00,177.58009338378906,194.88999938964844,199.11000061035156,194.5500030517578,197.49000549316406,4274600
2021-09-29 00:00:00+00:00,175.92173767089844,193.07000732421875,195.82000732421875,192.11000061035156,194.52999877929688,3436800
2021-09-30 00:00:00+00:00,175.1381378173828,192.2100067138672,194.99000549316406,192.10000610351562,194.47999572753906,3270800
2021-10-01 00:00:00+00:00,176.57778930664062,193.7899932861328,194.3300018310547,190.17999267578125,193.42999267578125,2986100
2021-10-04 00:00:00+00:00,173.48890686035156,190.39999389648438,194.3800048828125,189.02999877929688,193.0399932861328,3934100
2021-10-05 00:00:00+00:00,176.65980529785156,193.8800048828125,195.22000122070312,190.67999267578125,192.22999572753906,3860200
2021-10-06 00:00:00+00:00,177.12449645996094,194.38999938964844,194.66000366210938,191.60000610351562,192.0500030517578,3103400
2021-10-07 00:00:00+00:00,177.96279907226562,195.30999755859375,197.75,195.02999877929688,195.80999755859375,2873200
2021-10-08 00:00:00+00:00,177.8990020751953,195.24000549316406,196.3699951171875,193.99000549316406,196.17999267578125,2574100
2021-10-11 00:00:00+00:00,176.19508361816406,193.3699951171875,196.22999572753906,193.30999755859375,194.88999938964844,2280200
2021-10-12 00:00:00+00:00,171.73941040039062,188.47999572753906,194.22999572753906,187.33999633789062,193.9199981689453,6225100
2021-10-13 00:00:00+00:00,170.4820098876953,187.10000610351562,189.3800048828125,186.52000427246094,189.16000366210938,3796500
2021-10-14 00:00:00+00:00,175.39328002929688,192.49000549316406,192.5800018310547,188.92999267578125,189.3699951171875,3412800
2021-10-15 00:00:00+00:00,177.17918395996094,194.4499969482422,194.8000030517578,192.63999938964844,192.86000061035156,2648900
2021-10-18 00:00:00+00:00,177.59832763671875,194.91000366210938,196.05999755859375,191.6199951171875,193.1699981689453,2804600
2021-10-19 00:00:00+00:00,180.6234130859375,198.22999572753906,198.5399932861328,193.83999633789062,194.61000061035156,2666100
2021-10-20 00:00:00+00:00,181.6713409423828,199.3800048828125,200.02000427246094,197.0500030517578,198.10000610351562,3043300
2021-10-21 00:00:00+00:00,183.4116668701172,201.2899932861328,201.5800018310547,199.0,199.64999389648438,3276300
2021-10-22 00:00:00+00:00,181.38885498046875,199.07000732421875,202.22000122070312,198.13999938964844,201.5500030517578,3649200
2021-10-25 00:00:00+00:00,182.41845703125,200.1999969482422,202.25999450683594,199.05999755859375,200.0,4254900
2021-10-26 00:00:00+00:00,179.48446655273438,196.97999572753906,200.39999389648438,196.49000549316406,200.0800018310547,5837500
2021-10-27 00:00:00+00:00,170.4820098876953,187.10000610351562,188.52000427246094,183.5500030517578,185.63999938964844,10365500
2021-10-28 00:00:00+00:00,171.18362426757812,187.8699951171875,189.60000610351562,186.22999572753906,187.77000427246094,5123000
2021-10-29 00:00:00+00:00,171.88034057617188,187.47999572753906,188.36000061035156,186.22999572753906,186.38999938964844,4552200
2021-11-01 00:00:00+00:00,171.87123107910156,187.47000122070312,188.57000732421875,186.0800018310547,186.72999572753906,4203900
2021-11-02 00:00:00+00:00,173.5856170654297,189.33999633789062,189.3699951171875,186.11000061035156,186.14999389648438,4009600
2021-11-03 00:00:00+00:00,173.44810485839844,189.19000244140625,190.11000061035156,186.6699981689453,188.67999267578125,3666900
2021-11-04 00:00:00+00:00,175.2083282470703,191.11000061035156,191.22000122070312,188.4199981689453,189.5,4828000
2021-11-05 00:00:00+00:00,177.3077850341797,193.39999389648438,195.42999267578125,191.82000732421875,193.64999389648438,4510500
2021-11-08 00:00:00+00:00,176.3543243408203,192.36000061035156,195.3800048828125,191.72000122070312,194.0399932861328,5213900
2021-11-09 00:00:00+00:00,174.9149627685547,190.7899932861328,193.9499969482422,190.38999938964844,192.6300048828125,4314700
2021-11-10 00:00:00+00:00,171.45863342285156,187.02000427246094,190.97000122070312,186.47999572753906,189.63999938964844,4304600
2021-11-11 00:00:00+00:00,172.9071807861328,188.60000610351562,188.82000732421875,187.24000549316406,188.63999938964844,2554800
2021-11-12 00:00:00+00:00,174.2640380859375,190.0800018310547,191.83999633789062,187.30999755859375,188.91000366210938,3121700
2021-11-15 00:00:00+00:00,173.4847412109375,189.22999572753906,191.91000366210938,188.5,191.22000122070312,2985200
2021-11-16 00:00:00+00:00,172.83384704589844,188.52000427246094,190.25,188.16000366210938,189.10000610351562,3312000
2021-11-17 00:00:00+00:00,173.7964630126953,189.57000732421875,190.24000549316406,187.25,188.41000366210938,4167800
2021-11-18 00:00:00+00:00,177.37193298339844,193.47000122070312,194.16000366210938,190.13999938964844,190.57000732421875,4677300
2021-11-19 00:00:00+00:00,178.9213409423828,195.16000366210938,195.25,192.6199951171875,193.88999938964844,5129100
2021-11-22 00:00:00+00:00,176.48268127441406,192.5,196.91000366210938,192.22000122070312,195.6999969482422,4712300
2021-11-23 00:00:00+00:00,176.6110076904297,192.63999938964844,193.64999389648438,190.47000122070312,193.61000061035156,4881400
2021-11-24 00:00:00+00:00,177.49114990234375,193.60000610351562,193.6699981689453,190.10000610351562,192.86000061035156,6494000
2021-11-26 00:00:00+00:00,172.59542846679688,188.25999450683594,192.52000427246094,187.3699951171875,189.86000061035156,3324900
2021-11-29 00:00:00+00:00,178.2062530517578,194.3800048828125,194.72999572753906,189.80999755859375,191.07000732421875,4576200
2021-11-30 00:00:00+00:00,176.3634796142578,192.3699951171875,194.6999969482422,191.0,193.30999755859375,8775600
2021-12-01 00:00:00+00:00,175.8042449951172,191.75999450683594,199.89999389648438,191.6300048828125,195.72999572753906,7279100
2021-12-02 00:00:00+00:00,177.47279357910156,193.5800018310547,194.91000366210938,190.0,190.4600067138672,4236700
2021-12-03 00:00:00+00:00,177.28945922851562,193.3800048828125,196.02999877929688,191.67999267578125,194.6300048828125,4901000
2021-12-06 00:00:00+00:00,178.41709899902344,194.61000061035156,195.25,189.75999450683594,195.1699981689453,4084600
2021-12-07 00:00:00+00:00,182.4693603515625,199.02999877929688,199.86000061035156,195.92999267578125,196.39999389648438,5815600
2021-12-08 00:00:00+00:00,180.04896545410156,196.38999938964844,198.5,193.8699951171875,198.5,4255900
2021-12-09 00:00:00+00:00,177.3077850341797,193.39999389648438,196.89999389648438,193.25,195.57000732421875,3626700
2021-12-10 00:00:00+00:00,179.6914520263672,196.0,196.36000061035156,192.80999755859375,196.02000427246094,3264200
2021-12-13 00:00:00+00:00,177.16111755371094,193.24000549316406,196.74000549316406,192.91000366210938,196.10000610351562,6178300
2021-12-14 00:00:00+00:00,174.43821716308594,190.27000427246094,191.67999267578125,188.16000366210938,190.97000122070312,6130400
2021-12-15 00:00:00+00:00,177.34445190429688,193.44000244140625,193.7100067138672,187.8699951171875,192.0,6342000
2021-12-16 00:00:00+00:00,172.5771484375,188.24000549316406,194.22999572753906,187.72000122070312,194.0,5452300
2021-12-17 00:00:00+00:00,170.79855346679688,186.3000030517578,189.3800048828125,185.6300048828125,187.3800048828125,8427700
2021-12-20 00:00:00+00:00,168.90997314453125,184.24000549316406,185.05999755859375,182.77000427246094,183.64999389648438,4474300
2021-12-21 00:00:00+00:00,170.86273193359375,186.3699951171875,187.49000549316406,184.24000549316406,187.42999267578125,6089400
2021-12-22 00:00:00+00:00,171.37611389160156,186.92999267578125,187.00999450683594,184.16000366210938,185.99000549316406,3375500
2021-12-23 00:00:00+00:00,171.80703735351562,187.39999389648438,188.94000244140625,187.0,187.24000549316406,3266500
2021-12-27 00:00:00+00:00,175.87759399414062,191.83999633789062,191.9499969482422,188.07000732421875,188.0800018310547,3405600
2021-12-28 00:00:00+00:00,175.19918823242188,191.10000610351562,192.86000061035156,190.3800048828125,192.8000030517578,2806900
2021-12-29 00:00:00+00:00,174.9332733154297,190.80999755859375,193.27999877929688,190.75999450683594,191.38999938964844,2754900
2021-12-30 00:00:00+00:00,173.6497802734375,189.41000366210938,191.8699951171875,189.00999450683594,190.8699951171875,2109200
2021-12-31 00:00:00+00:00,172.78797912597656,188.47000122070312,190.0,188.27000427246094,189.41000366210938,2813900
2022-01-03 00:00:00+00:00,174.74075317382812,190.60000610351562,190.6199951171875,187.4600067138672,188.82000732421875,3781500
2022-01-04 00:00:00+00:00,174.92413330078125,190.8000030517578,192.10000610351562,188.1999969482422,191.0,4137500
2022-01-05 00:00:00+00:00,171.2753143310547,186.82000732421875,191.61000061035156,186.64999389648438,190.41000366210938,5047400
2022-01-06 00:00:00+00:00,171.2202606201172,186.75999450683594,188.52000427246094,185.7899932861328,186.6699981689453,4502600
2022-01-07 00:00:00+00:00,164.50936889648438,179.44000244140625,184.05999755859375,178.89999389648438,181.97000122070312,7414200
2022-01-10 00:00:00+00:00,167.7364501953125,182.9600067138672,183.22999572753906,176.8800048828125,177.89999389648438,7195800
2022-01-11 00:00:00+00:00,169.2766876220703,184.63999938964844,186.0800018310547,181.2100067138672,182.5,5239300
2022-01-12 00:00:00+00:00,170.55101013183594,186.02999877929688,187.33999633789062,184.39999389648438,186.0,4240100
2022-01-13 00:00:00+00:00,168.8274383544922,184.14999389648438,189.6300048828125,183.61000061035156,188.97000122070312,5361100
2022-01-14 00:00:00+00:00,171.44947814941406,187.00999450683594,187.1999969482422,183.0,183.25999450683594,4731400
2022-01-18 00:00:00+00:00,167.113037109375,182.27999877929688,184.36000061035156,181.25999450683594,183.61000061035156,7382800
2022-01-19 00:00:00+00:00,163.46421813964844,178.3000030517578,183.5800018310547,178.19000244140625,183.44000244140625,5207300
2022-01-20 00:00:00+00:00,159.01773071289062,173.4499969482422,180.55999755859375,173.3800048828125,178.77999877929688,6057800
2022-01-21 00:00:00+00:00,161.02554321289062,175.63999938964844,179.5500030517578,173.3300018310547,174.05999755859375,11527900
2022-01-24 00:00:00+00:00,163.50086975097656,178.33999633789062,178.6199951171875,171.1199951171875,175.77999877929688,11717600
2022-01-25 00:00:00+00:00,159.48533630371094,173.9600067138672,178.00999450683594,173.0399932861328,174.91000366210938,8157600
2022-01-26 00:00:00+00:00,163.49169921875,178.3300018310547,183.25,176.17999267578125,182.27000427246094,12852700
2022-01-27 00:00:00+00:00,160.2646026611328,174.80999755859375,181.02000427246094,173.10000610351562,180.89999389648438,6752900
2022-01-28 00:00:00+00:00,163.6145782470703,177.2899932861328,177.47000122070312,169.38999938964844,173.80999755859375,7322100
2022-01-31 00:00:00+00:00,165.64491271972656,179.49000549316406,179.63999938964844,175.83999633789062,177.67999267578125,6980800
2022-02-01 00:00:00+00:00,167.30604553222656,181.2899932861328,181.6699981689453,176.6300048828125,179.58999633789062,6233700
2022-02-02 00:00:00+00:00,173.35081481933594,187.83999633789062,188.25,181.49000549316406,181.5500030517578,8993800
2022-02-03 00:00:00+00:00,162.04574584960938,175.58999633789062,186.5500030517578,174.8800048828125,185.24000549316406,11691400
2022-02-04 00:00:00+00:00,158.19737243652344,171.4199981689453,172.77000427246094,167.50999450683594,172.47999572753906,11408600
2022-02-07 00:00:00+00:00,156.84075927734375,169.9499969482422,172.5,168.91000366210938,172.47999572753906,6418900
2022-02-08 00:00:00+00:00,159.31407165527344,172.6300048828125,173.19000244140625,168.5,170.02999877929688,4622000
2022-02-09 00:00:00+00:00,163.079345703125,176.7100067138672,177.1999969482422,173.05999755859375,174.27000427246094,7140600
2022-02-10 00:00:00+00:00,157.4960174560547,170.66000366210938,176.8300018310547,169.74000549316406,172.16000366210938,7583400
2022-02-11 00:00:00+00:00,151.71885681152344,164.39999389648438,171.36000061035156,163.64999389648438,169.92999267578125,7564200
2022-02-14 00:00:00+00:00,149.93777465820312,162.47000122070312,165.64999389648438,161.0399932861328,163.94000244140625,7468000
2022-02-15 00:00:00+00:00,153.35235595703125,166.1699981689453,166.77000427246094,164.0800018310547,164.80999755859375,6969700
2022-02-16 00:00:00+00:00,155.26268005371094,168.24000549316406,168.9600067138672,164.22999572753906,164.7899932861328,4594300
2022-02-17 00:00:00+00:00,151.9495849609375,164.64999389648438,167.38999938964844,164.1999969482422,166.07000732421875,6807700
2022-02-18 00:00:00+00:00,153.87840270996094,166.74000549316406,168.11000061035156,164.0399932861328,165.25,6359100
2022-02-22 00:00:00+00:00,153.832275390625,166.69000244140625,171.13999938964844,165.00999450683594,166.05999755859375,7293800
2022-02-23 00:00:00+00:00,152.8632354736328,165.63999938964844,169.9600067138672,165.3699951171875,168.02000427246094,5893900
2022-02-24 00:00:00+00:00,156.508544921875,169.58999633789062,169.92999267578125,161.19000244140625,163.77999877929688,7754800
2022-02-25 00:00:00+00:00,157.6436767578125,170.82000732421875,170.97000122070312,167.13999938964844,169.72999572753906,4830100
2022-02-28 00:00:00+00:00,156.87770080566406,169.99000549316406,170.5399932861328,166.99000549316406,168.6300048828125,5656600
2022-03-01 00:00:00+00:00,154.38595581054688,167.2899932861328,170.00999450683594,164.3699951171875,169.36000061035156,6049600
2022-03-02 00:00:00+00:00,156.9792022705078,170.10000610351562,171.50999450683594,167.83999633789062,168.49000549316406,5304100
2022-03-03 00:00:00+00:00,157.8097686767578,171.0,172.75,169.30999755859375,171.72000122070312,5154200
2022-03-04 00:00:00+00:00,156.8684539794922,169.97999572753906,171.75999450683594,168.13999938964844,169.47999572753906,6804700
2022-03-07 00:00:00+00:00,152.1710662841797,164.88999938964844,170.97000122070312,164.75999450683594,170.86000061035156,7064800
2022-03-08 00:00:00+00:00,154.43211364746094,167.33999633789062,172.6999969482422,162.38999938964844,164.8300018310547,7486500
2022-03-09 00:00:00+00:00,159.1571807861328,172.4600067138672,173.99000549316406,169.44000244140625,172.60000610351562,6047300
2022-03-10 00:00:00+00:00,159.42481994628906,172.75,173.4199981689453,168.58999633789062,169.47999572753906,6079100
2022-03-11 00:00:00+00:00,157.21913146972656,170.36000061035156,175.42999267578125,169.94000244140625,173.89999389648438,4869700
2022-03-14 00:00:00+00:00,153.8599395751953,166.72000122070312,171.64999389648438,166.08999633789062,169.9600067138672,4863200
2022-03-15 00:00:00+00:00,159.02796936035156,172.32000732421875,172.63999938964844,167.88999938964844,168.5800018310547,5138600
2022-03-16 00:00:00+00:00,162.72866821289062,176.3300018310547,176.47000122070312,171.42999267578125,173.75999450683594,5660400
2022-03-17 00:00:00+00:00,164.7035675048828,178.47000122070312,178.47999572753906,175.24000549316406,175.83999633789062,4930700
2022-03-18 00:00:00+00:00,166.2078399658203,180.10000610351562,180.35000610351562,175.74000549316406,178.1999969482422,9031500
2022-03-21 00:00:00+00:00,166.54010009765625,180.4600067138672,181.2100067138672,177.72999572753906,179.2899932861328,5030600
2022-03-22 00:00:00+00:00,168.2843017578125,182.35000610351562,182.74000549316406,180.0,180.8800048828125,3802900
2022-03-23 00:00:00+00:00,165.26651000976562,179.0800018310547,183.0,179.02999877929688,182.0,4821100
2022-03-24 00:00:00+00:00,170.00082397460938,184.2100067138672,184.3300018310547,179.6300048828125,180.33999633789062,4169400
2022-03-25 00:00:00+00:00,170.63760375976562,184.89999389648438,186.1999969482422,183.1999969482422,184.6699981689453,3738800
2022-03-28 00:00:00+00:00,171.35740661621094,185.67999267578125,185.7899932861328,182.00999450683594,183.16000366210938,3117000
2022-03-29 00:00:00+00:00,176.27630615234375,191.00999450683594,191.33999633789062,187.2899932861328,187.97000122070312,5835700
2022-03-30 00:00:00+00:00,172.9909210205078,187.4499969482422,190.89999389648438,186.7100067138672,190.0,3865700
2022-03-31 00:00:00+00:00,169.32711791992188,183.47999572753906,188.6199951171875,183.17999267578125,188.1300048828125,7170700
2022-04-01 00:00:00+00:00,168.03509521484375,182.0800018310547,184.8800048828125,179.75,184.42999267578125,4631700
2022-04-04 00:00:00+00:00,168.61654663085938,182.7100067138672,183.35000610351562,180.57000732421875,181.5500030517578,4644800
2022-04-05 00:00:00+00:00,163.51307678222656,177.17999267578125,181.85000610351562,176.3699951171875,181.6300048828125,6956500
2022-04-06 00:00:00+00:00,163.57769775390625,177.25,179.61000061035156,174.82000732421875,175.0,6932900
2022-04-07 00:00:00+00:00,163.9006805419922,177.60000610351562,178.92999267578125,175.3000030517578,176.25,4178500
2022-04-08 00:00:00+00:00,160.6798858642578,174.11000061035156,177.3000030517578,173.8300018310547,177.19000244140625,4504500
2022-04-11 00:00:00+00:00,158.67730712890625,171.94000244140625,174.44000244140625,171.77999877929688,172.77000427246094,4347800
2022-04-12 00:00:00+00:00,159.655517578125,173.0,176.3699951171875,172.38999938964844,175.4199981689453,4550800
2022-04-13 00:00:00+00:00,161.60275268554688,175.11000061035156,175.49000549316406,172.41000366210938,173.30999755859375,5229100
2022-04-14 00:00:00+00:00,160.2646026611328,173.66000366210938,176.11000061035156,173.52999877929688,174.91000366210938,4578500
2022-04-18 00:00:00+00:00,162.94090270996094,176.55999755859375,177.5800018310547,173.0,173.0,3564000
2022-04-19 00:00:00+00:00,165.248046875,179.05999755859375,179.33999633789062,175.22999572753906,175.41000366210938,4671900
2022-04-20 00:00:00+00:00,165.58030700683594,179.4199981689453,183.66000366210938,179.0800018310547,181.60000610351562,4553700
2022-04-21 00:00:00+00:00,163.55921936035156,177.22999572753906,183.24000549316406,176.77000427246094,181.36000061035156,4735000
2022-04-22 00:00:00+00:00,159.9416046142578,173.30999755859375,177.6300048828125,172.92999267578125,177.30999755859375,6355900
2022-04-25 00:00:00+00:00,160.49533081054688,173.91000366210938,175.1699981689453,171.6699981689453,173.05999755859375,8737600
2022-04-26 00:00:00+00:00,155.447265625,168.44000244140625,172.49000549316406,168.3699951171875,171.42999267578125,9591700
2022-04-27 00:00:00+00:00,156.32394409179688,169.38999938964844,171.9199981689453,160.5,160.5500030517578,12570400
2022-04-28 00:00:00+00:00,162.28567504882812,175.85000610351562,176.8800048828125,169.99000549316406,170.05999755859375,8233600
2022-04-29 00:00:00+00:00,157.11761474609375,170.25,176.02999877929688,169.92999267578125,174.0399932861328,6698600
2022-05-02 00:00:00+00:00,160.57838439941406,174.0,174.1199951171875,168.0800018310547,170.5500030517578,5851500
2022-05-03 00:00:00+00:00,159.2310028076172,172.5399932861328,174.7899932861328,172.0,173.8800048828125,5438600
2022-05-04 00:00:00+00:00,162.63636779785156,176.22999572753906,176.8699951171875,167.3300018310547,173.17999267578125,10311500
2022-05-05 00:00:00+00:00,157.14532470703125,170.27999877929688,174.97999572753906,168.64999389648438,174.39999389648438,7740400
2022-05-06 00:00:00+00:00,155.58436584472656,167.4499969482422,170.0800018310547,165.74000549316406,167.83999633789062,5724800
2022-05-09 00:00:00+00:00,153.25221252441406,164.94000244140625,168.4600067138672,164.10000610351562,166.11000061035156,7929700
2022-05-10 00:00:00+00:00,156.31838989257812,168.24000549316406,170.83999633789062,166.3000030517578,168.3800048828125,7033300
2022-05-11 00:00:00+00:00,153.01995849609375,164.69000244140625,170.33999633789062,164.24000549316406,166.72999572753906,5892800
2022-05-12 00:00:00+00:00,154.14419555664062,165.89999389648438,166.4499969482422,162.6699981689453,163.88999938964844,5936100
2022-05-13 00:00:00+00:00,157.71209716796875,169.74000549316406,170.67999267578125,167.5800018310547,168.41000366210938,5329900
2022-05-16 00:00:00+00:00,156.55996704101562,168.5,170.13999938964844,166.8300018310547,168.07000732421875,3648900
2022-05-17 00:00:00+00:00,162.58079528808594,174.97999572753906,175.11000061035156,171.32000732421875,172.10000610351562,5851300
2022-05-18 00:00:00+00:00,158.232421875,170.3000030517578,174.91000366210938,169.67999267578125,173.39999389648438,5747200
2022-05-19 00:00:00+00:00,155.7423095703125,167.6199951171875,170.74000549316406,167.16000366210938,169.86000061035156,5399600
2022-05-20 00:00:00+00:00,157.77713012695312,169.80999755859375,170.3000030517578,164.2100067138672,168.60000610351562,6278300
2022-05-23 00:00:00+00:00,157.88861083984375,169.92999267578125,170.88999938964844,168.22999572753906,170.27000427246094,5384100
2022-05-24 00:00:00+00:00,155.96531677246094,167.86000061035156,169.47999572753906,166.3699951171875,168.2899932861328,5121700
2022-05-25 00:00:00+00:00,157.96295166015625,170.00999450683594,170.97999572753906,167.00999450683594,168.08999633789062,4712100
2022-05-26 00:00:00+00:00,161.79103088378906,174.1300048828125,174.8300018310547,169.2899932861328,170.32000732421875,4536600
2022-05-27 00:00:00+00:00,165.35890197753906,177.97000122070312,178.35000610351562,175.52000427246094,175.52000427246094,5857900
2022-05-31 00:00:00+00:00,164.2346649169922,176.75999450683594,178.2899932861328,173.80999755859375,176.74000549316406,9408000
2022-06-01 00:00:00+00:00,162.0604705810547,174.4199981689453,177.58999633789062,172.6999969482422,177.50999450683594,4681600
2022-06-02 00:00:00+00:00,164.19749450683594,176.72000122070312,176.8000030517578,172.38999938964844,174.0,6521600
2022-06-03 00:00:00+00:00,160.11859130859375,172.3300018310547,175.5,171.99000549316406,174.8699951171875,4485500
2022-06-06 00:00:00+00:00,155.8723907470703,167.75999450683594,174.25999450683594,167.3800048828125,173.64999389648438,5603800
2022-06-07 00:00:00+00:00,157.81430053710938,169.85000610351562,170.0800018310547,165.24000549316406,166.1199951171875,4416100
2022-06-08 00:00:00+00:00,153.6517333984375,165.3699951171875,169.75,164.77000427246094,169.75,5112600
2022-06-09 00:00:00+00:00,150.1303253173828,161.5800018310547,166.72999572753906,161.4600067138672,165.00999450683594,5353200
2022-06-10 00:00:00+00:00,146.59959411621094,157.77999877929688,160.42999267578125,157.67999267578125,159.16000366210938,6511000
2022-06-13 00:00:00+00:00,142.65074157714844,153.52999877929688,156.92999267578125,153.13999938964844,154.89999389648438,7765000
2022-06-14 00:00:00+00:00,143.16175842285156,154.0800018310547,155.94000244140625,153.0399932861328,155.14999389648438,4772600
2022-06-15 00:00:00+00:00,144.8714141845703,155.9199981689453,157.91000366210938,153.32000732421875,155.72000122070312,5442100
2022-06-16 00:00:00+00:00,140.64381408691406,151.3699951171875,152.55999755859375,150.1999969482422,151.52000427246094,6843700
2022-06-17 00:00:00+00:00,139.5567169189453,150.1999969482422,153.2100067138672,149.10000610351562,151.83999633789062,11262500
2022-06-21 00:00:00+00:00,142.58570861816406,153.4600067138672,154.5800018310547,151.72999572753906,151.82000732421875,6283100
2022-06-22 00:00:00+00:00,141.7866668701172,152.60000610351562,153.94000244140625,151.16000366210938,151.9600067138672,4242900
2022-06-23 00:00:00+00:00,140.4300994873047,151.13999938964844,153.2100067138672,149.25,152.8300018310547,4318200
2022-06-24 00:00:00+00:00,144.89927673339844,155.9499969482422,156.1300048828125,152.49000549316406,153.00999450683594,6425900
2022-06-27 00:00:00+00:00,144.59263610839844,155.6199951171875,157.6199951171875,155.1300048828125,156.99000549316406,5762300
2022-06-28 00:00:00+00:00,143.236083984375,154.16000366210938,158.99000549316406,154.0800018310547,156.74000549316406,4687500
2022-06-29 00:00:00+00:00,141.95388793945312,152.77999877929688,153.2899932861328,150.94000244140625,152.44000244140625,4348300
2022-06-30 00:00:00+00:00,142.76223754882812,153.64999389648438,155.07000732421875,150.88999938964844,152.49000549316406,6807900
2022-07-01 00:00:00+00:00,138.0143280029297,148.5399932861328,152.27999877929688,147.02000427246094,150.35000610351562,8740200
2022-07-05 00:00:00+00:00,138.53468322753906,149.10000610351562,149.69000244140625,144.4600067138672,145.72999572753906,8486400
2022-07-06 00:00:00+00:00,140.1234893798828,150.80999755859375,152.0399932861328,148.3699951171875,150.0,5238200
2022-07-07 00:00:00+00:00,143.7285614013672,154.69000244140625,155.39999389648438,153.16000366210938,153.16000366210938,5169400
2022-07-08 00:00:00+00:00,144.50901794433594,155.52999877929688,155.85000610351562,152.14999389648438,152.74000549316406,3467500
2022-07-11 00:00:00+00:00,142.6786346435547,153.55999755859375,155.02000427246094,152.6199951171875,154.1199951171875,4051100
2022-07-12 00:00:00+00:00,143.5148468017578,154.4600067138672,156.4600067138672,153.6999969482422,155.97000122070312,4085100
2022-07-13 00:00:00+00:00,143.3568878173828,154.2899932861328,155.2100067138672,151.6699981689453,151.9600067138672,3755400
2022-07-14 00:00:00+00:00,146.66465759277344,157.85000610351562,158.33999633789062,152.9600067138672,154.1300048828125,4758800
2022-07-15 00:00:00+00:00,149.1640167236328,160.5399932861328,160.7100067138672,157.63999938964844,159.1999969482422,7466100
2022-07-18 00:00:00+00:00,148.3556671142578,159.6699981689453,162.64999389648438,159.02000427246094,161.72000122070312,4088700
2022-07-19 00:00:00+00:00,152.97349548339844,164.63999938964844,165.67999267578125,160.64999389648438,161.36000061035156,5390800
2022-07-20 00:00:00+00:00,153.61460876464844,165.3300018310547,167.1199951171875,162.5399932861328,163.88999938964844,5889100
2022-07-21 00:00:00+00:00,154.7388458251953,166.5399932861328,166.82000732421875,163.67999267578125,165.97999572753906,5466700
2022-07-22 00:00:00+00:00,152.28591918945312,163.89999389648438,167.7100067138672,162.8699951171875,167.7100067138672,5269700
2022-07-25 00:00:00+00:00,151.63552856445312,163.1999969482422,163.86000061035156,161.27000427246094,163.8000030517578,4201400
2022-07-26 00:00:00+00:00,149.4427490234375,160.83999633789062,164.17999267578125,160.60000610351562,164.17999267578125,6080600
2022-07-27 00:00:00+00:00,159.38453674316406,171.5399932861328,171.99000549316406,165.57000732421875,166.77999877929688,11623100
2022-07-28 00:00:00+00:00,163.2962188720703,175.75,175.8300018310547,169.58999633789062,171.9199981689453,6468800
2022-07-29 00:00:00+00:00,167.3084716796875,178.88999938964844,179.27000427246094,174.05999755859375,174.42999267578125,6624000
2022-08-01 00:00:00+00:00,167.22430419921875,178.8000030517578,179.11000061035156,176.75,177.94000244140625,4865700
2022-08-02 00:00:00+00:00,165.74659729003906,177.22000122070312,179.92999267578125,176.4499969482422,177.5,4442500
2022-08-03 00:00:00+00:00,171.59197998046875,183.47000122070312,184.1300048828125,177.86000061035156,178.00999450683594,6201100
2022-08-04 00:00:00+00:00,172.9387664794922,184.91000366210938,185.99000549316406,183.22000122070312,183.77000427246094,4533900
2022-08-05 00:00:00+00:00,172.3682403564453,184.3000030517578,184.6699981689453,181.5800018310547,182.02999877929688,3690100
2022-08-08 00:00:00+00:00,170.96534729003906,182.8000030517578,184.4600067138672,181.1300048828125,182.5,3547300
2022-08-09 00:00:00+00:00,166.20486450195312,177.7100067138672,180.1999969482422,176.10000610351562,179.94000244140625,5306400
2022-08-10 00:00:00+00:00,171.26461791992188,183.1199951171875,183.4499969482422,179.38999938964844,181.4499969482422,4276500
2022-08-11 00:00:00+00:00,170.2732391357422,182.05999755859375,185.6699981689453,181.66000366210938,183.42999267578125,3858300
2022-08-12 00:00:00+00:00,173.3783416748047,185.3800048828125,185.97999572753906,183.0399932861328,183.17999267578125,4160900
2022-08-15 00:00:00+00:00,173.3970184326172,185.39999389648438,185.64999389648438,182.9600067138672,184.8800048828125,2863400
2022-08-16 00:00:00+00:00,171.48907470703125,183.36000061035156,185.0,182.39999389648438,184.8000030517578,4541600
2022-08-17 00:00:00+00:00,165.26962280273438,176.7100067138672,180.9499969482422,174.8800048828125,180.61000061035156,6869000
2022-08-18 00:00:00+00:00,166.9063262939453,178.4600067138672,180.3300018310547,175.8000030517578,176.80999755859375,4390400
2022-08-19 00:00:00+00:00,165.02645874023438,176.4499969482422,177.47999572753906,175.1199951171875,176.9600067138672,4569500
2022-08-22 00:00:00+00:00,160.34080505371094,171.44000244140625,175.47000122070312,171.11000061035156,175.47000122070312,4919000
2022-08-23 00:00:00+00:00,161.35092163085938,172.52000427246094,173.88999938964844,170.27999877929688,170.33999633789062,3663900
2022-08-24 00:00:00+00:00,161.04226684570312,172.19000244140625,172.58999633789062,170.75,171.41000366210938,3037800
2022-08-25 00:00:00+00:00,165.83078002929688,177.30999755859375,177.50999450683594,173.25,173.64999389648438,4350000
2022-08-26 00:00:00+00:00,158.51707458496094,169.49000549316406,177.92999267578125,169.42999267578125,177.5,6583500
2022-08-29 00:00:00+00:00,157.06739807128906,167.94000244140625,170.50999450683594,167.75999450683594,169.94000244140625,4625800
2022-08-30 00:00:00+00:00,155.94509887695312,166.74000549316406,168.85000610351562,164.75999450683594,168.22000122070312,5343300
2022-08-31 00:00:00+00:00,154.51416015625,165.2100067138672,167.58999633789062,164.02000427246094,166.8699951171875,6489900
2022-09-01 00:00:00+00:00,155.4026336669922,166.16000366210938,166.47000122070312,162.19000244140625,163.35000610351562,5593800
2022-09-02 00:00:00+00:00,152.44720458984375,163.0,168.77999877929688,162.3800048828125,168.0,4466200
2022-09-06 00:00:00+00:00,152.54075622558594,163.10000610351562,165.7899932861328,161.83999633789062,163.11000061035156,5057000
2022-09-07 00:00:00+00:00,155.0846710205078,165.82000732421875,167.4499969482422,163.47999572753906,163.6699981689453,5332400
2022-09-08 00:00:00+00:00,157.50697326660156,168.41000366210938,168.5399932861328,163.8699951171875,165.24000549316406,5473200
2022-09-09 00:00:00+00:00,159.68612670898438,170.74000549316406,171.9199981689453,169.36000061035156,169.42999267578125,5196200
2022-09-12 00:00:00+00:00,159.53648376464844,170.5800018310547,171.52000427246094,169.2100067138672,171.25,5216800
2022-09-13 00:00:00+00:00,152.119873046875,162.64999389648438,167.33999633789062,162.0,166.0800018310547,7928700
2022-09-14 00:00:00+00:00,154.56089782714844,165.25999450683594,166.3300018310547,163.05999755859375,164.22999572753906,4792600
2022-09-15 00:00:00+00:00,152.13856506347656,162.6699981689453,165.67999267578125,161.72000122070312,164.22000122070312,6105400
2022-09-16 00:00:00+00:00,154.56089782714844,165.25999450683594,165.92999267578125,161.55999755859375,162.99000549316406,13417800
2022-09-19 00:00:00+00:00,155.48680114746094,166.25,166.6300048828125,163.52000427246094,163.5800018310547,4929500
2022-09-20 00:00:00+00:00,155.30911254882812,166.05999755859375,166.89999389648438,164.89999389648438,165.41000366210938,5220200
2022-09-21 00:00:00+00:00,152.72779846191406,163.3000030517578,170.25,163.19000244140625,166.52999877929688,6639800
2022-09-22 00:00:00+00:00,152.09182739257812,162.6199951171875,164.55999755859375,161.22000122070312,162.58999633789062,5696200
2022-09-23 00:00:00+00:00,150.84791564941406,161.2899932861328,161.85000610351562,158.3000030517578,161.22000122070312,6936100
2022-09-26 00:00:00+00:00,150.07164001464844,160.4600067138672,163.1999969482422,160.0,161.64999389648438,4605800
2022-09-27 00:00:00+00:00,150.3054962158203,160.7100067138672,163.42999267578125,159.3000030517578,162.22999572753906,4261500
2022-09-28 00:00:00+00:00,152.2601776123047,162.8000030517578,163.63999938964844,159.4199981689453,161.52000427246094,4881500
2022-09-29 00:00:00+00:00,148.19180297851562,158.4499969482422,161.39999389648438,156.1300048828125,160.82000732421875,6699000
2022-09-30 00:00:00+00:00,144.75938415527344,154.77999877929688,158.8000030517578,154.67999267578125,157.22000122070312,6074700
2022-10-03 00:00:00+00:00,149.49179077148438,159.83999633789062,160.63999938964844,156.0800018310547,157.41000366210938,6668500
2022-10-04 00:00:00+00:00,154.4580078125,165.14999389648438,165.74000549316406,162.58999633789062,163.0500030517578,7233100
2022-10-05 00:00:00+00:00,156.93646240234375,167.8000030517578,169.22999572753906,163.47000122070312,164.32000732421875,5262600
2022-10-06 00:00:00+00:00,155.7580108642578,166.5399932861328,169.14999389648438,165.77000427246094,167.77999877929688,4171000
2022-10-07 00:00:00+00:00,148.96807861328125,159.27999877929688,165.05999755859375,158.61000061035156,164.02000427246094,8306400
2022-10-10 00:00:00+00:00,146.63926696777344,156.7899932861328,159.61000061035156,154.14999389648438,159.5500030517578,6573600
2022-10-11 00:00:00+00:00,143.5155029296875,153.4499969482422,155.33999633789062,151.39999389648438,154.61000061035156,9526900
2022-10-12 00:00:00+00:00,141.73849487304688,151.5500030517578,153.8000030517578,151.47000122070312,153.36000061035156,4526100
2022-10-13 00:00:00+00:00,144.3478546142578,154.33999633789062,156.7899932861328,145.97000122070312,147.61000061035156,7913800
2022-10-14 00:00:00+00:00,138.736328125,148.33999633789062,156.08999633789062,148.08999633789062,155.89999389648438,7470600
2022-10-17 00:00:00+00:00,141.21475219726562,150.99000549316406,152.5,149.52999877929688,152.0,5936100
2022-10-18 00:00:00+00:00,141.70108032226562,151.50999450683594,155.97999572753906,149.5399932861328,155.08999633789062,4866600
2022-10-19 00:00:00+00:00,142.76730346679688,152.64999389648438,153.02000427246094,149.86000061035156,150.6300048828125,5060100
2022-10-20 00:00:00+00:00,143.76800537109375,153.72000122070312,156.77999877929688,152.41000366210938,153.88999938964844,6506200
2022-10-21 00:00:00+00:00,149.37957763671875,159.72000122070312,160.02999877929688,153.94000244140625,155.41000366210938,7706200
2022-10-24 00:00:00+00:00,151.18463134765625,161.64999389648438,161.99000549316406,158.69000244140625,160.2100067138672,5467600
2022-10-25 00:00:00+00:00,151.66160583496094,162.16000366210938,164.86000061035156,161.19000244140625,161.61000061035156,8611200
2022-10-26 00:00:00+00:00,147.6493682861328,157.8699951171875,161.16000366210938,151.3300018310547,152.57000732421875,12964700
2022-10-27 00:00:00+00:00,146.6112060546875,156.75999450683594,159.94000244140625,155.42999267578125,159.8000030517578,7050500
2022-10-28 00:00:00+00:00,152.11666870117188,161.36000061035156,161.69000244140625,155.49000549316406,155.8800048828125,6776100
2022-10-31 00:00:00+00:00,151.42848205566406,160.6300048828125,161.5500030517578,159.25999450683594,160.39999389648438,6298800
2022-11-01 00:00:00+00:00,153.56845092773438,162.89999389648438,163.42999267578125,160.55999755859375,162.24000549316406,4972300
2022-11-02 00:00:00+00:00,149.41107177734375,158.49000549316406,166.3699951171875,158.27999877929688,163.25999450683594,6923900
2022-11-03 00:00:00+00:00,147.55392456054688,156.52000427246094,158.61000061035156,155.3300018310547,156.3800048828125,4555400
2022-11-04 00:00:00+00:00,153.332763671875,162.64999389648438,162.6999969482422,158.4199981689453,161.61000061035156,6689900
2022-11-07 00:00:00+00:00,156.19862365722656,165.69000244140625,166.3000030517578,161.5500030517578,163.80999755859375,4928300
2022-11-08 00:00:00+00:00,158.47999572753906,168.11000061035156,169.83999633789062,165.75999450683594,167.44000244140625,5112300
2022-11-09 00:00:00+00:00,155.5387420654297,164.99000549316406,167.72999572753906,164.89999389648438,166.38999938964844,4800400
2022-11-10 00:00:00+00:00,164.68307495117188,174.69000244140625,175.19000244140625,168.8800048828125,172.10000610351562,9898200
2022-11-11 00:00:00+00:00,169.20811462402344,179.49000549316406,180.7899932861328,173.39999389648438,175.0500030517578,6911900
2022-11-14 00:00:00+00:00,167.27554321289062,177.44000244140625,181.1199951171875,177.25,179.0,5447300
2022-11-15 00:00:00+00:00,167.3981170654297,177.57000732421875,182.6199951171875,176.80999755859375,182.0500030517578,6601000
2022-11-16 00:00:00+00:00,163.5235595703125,173.4600067138672,176.4199981689453,173.0500030517578,176.4199981689453,7664800
2022-11-17 00:00:00+00:00,165.31466674804688,175.36000061035156,175.42999267578125,170.6300048828125,170.67999267578125,5339800
2022-11-18 00:00:00+00:00,165.14498901367188,175.17999267578125,176.8000030517578,174.0399932861328,176.41000366210938,5474800
2022-11-21 00:00:00+00:00,162.52423095703125,172.39999389648438,174.6699981689453,172.27000427246094,174.4199981689453,4702700
2022-11-22 00:00:00+00:00,167.06814575195312,177.22000122070312,177.30999755859375,172.35000610351562,174.83999633789062,4673500
2022-11-23 00:00:00+00:00,168.72731018066406,178.97999572753906,179.77999877929688,176.5,177.0,3939100
2022-11-25 00:00:00+00:00,166.92672729492188,177.07000732421875,179.2899932861328,177.02999877929688,179.25,1586400
2022-11-28 00:00:00+00:00,163.08987426757812,173.0,176.02999877929688,172.3800048828125,175.7100067138672,5358800
2022-11-29 00:00:00+00:00,163.07101440429688,172.97999572753906,174.36000061035156,171.30999755859375,173.63999938964844,3134000
2022-11-30 00:00:00+00:00,170.12255859375,180.4600067138672,180.50999450683594,170.97000122070312,173.3699951171875,9780300
2022-12-01 00:00:00+00:00,167.33212280273438,177.5,180.52000427246094,176.2100067138672,180.0399932861328,5479900
2022-12-02 00:00:00+00:00,167.48294067382812,177.66000366210938,177.99000549316406,173.47999572753906,175.13999938964844,3822900
2022-12-05 00:00:00+00:00,167.22840881347656,177.38999938964844,178.63999938964844,175.33999633789062,176.74000549316406,4875300
2022-12-06 00:00:00+00:00,164.35313415527344,174.33999633789062,178.16000366210938,173.17999267578125,178.13999938964844,4417900
2022-12-07 00:00:00+00:00,163.7969207763672,173.75,175.02999877929688,172.25,172.52999877929688,3242800
2022-12-08 00:00:00+00:00,166.2574005126953,176.36000061035156,176.52000427246094,172.85000610351562,173.75999450683594,3902700
2022-12-09 00:00:00+00:00,164.27767944335938,174.25999450683594,176.5800018310547,174.1199951171875,175.9600067138672,3966700
2022-12-12 00:00:00+00:00,167.313232421875,177.47999572753906,177.57000732421875,172.91000366210938,174.11000061035156,5347000
2022-12-13 00:00:00+00:00,167.33212280273438,177.5,183.08999633789062,175.8699951171875,182.1300048828125,6951000
2022-12-14 00:00:00+00:00,165.7483367919922,175.82000732421875,179.80999755859375,174.13999938964844,176.75999450683594,5114600
2022-12-15 00:00:00+00:00,160.27114868164062,170.00999450683594,174.52000427246094,169.08999633789062,173.52999877929688,6007300
2022-12-16 00:00:00+00:00,159.8375244140625,169.5500030517578,170.0500030517578,167.47999572753906,169.0,10423600
2022-12-19 00:00:00+00:00,158.00863647460938,167.61000061035156,169.8699951171875,166.0500030517578,169.6300048828125,4507000
2022-12-20 00:00:00+00:00,156.57571411132812,166.08999633789062,167.77999877929688,165.72000122070312,166.66000366210938,3777600
2022-12-21 00:00:00+00:00,159.0644989013672,168.72999572753906,168.91000366210938,166.5,167.0,3632100
2022-12-22 00:00:00+00:00,155.2653350830078,164.6999969482422,166.52000427246094,161.49000549316406,166.07000732421875,7188700
2022-12-23 00:00:00+00:00,154.96368408203125,164.3800048828125,164.8000030517578,162.27999877929688,163.02999877929688,2597000
2022-12-27 00:00:00+00:00,154.3980255126953,163.77999877929688,164.58999633789062,161.97000122070312,163.66000366210938,3535600
2022-12-28 00:00:00+00:00,151.95640563964844,161.19000244140625,165.16000366210938,160.8300018310547,163.61000061035156,2998600
2022-12-29 00:00:00+00:00,155.5670166015625,165.02000427246094,166.0399932861328,162.82000732421875,163.25999450683594,4081600
2022-12-30 00:00:00+00:00,155.75555419921875,165.22000122070312,165.38999938964844,162.2100067138672,163.69000244140625,3249000
2023-01-03 00:00:00+00:00,153.86068725585938,163.2100067138672,167.64999389648438,162.58999633789062,167.22000122070312,4294100
2023-01-04 00:00:00+00:00,159.4792938232422,169.1699981689453,169.69000244140625,165.3000030517578,165.3000030517578,6285300
2023-01-05 00:00:00+00:00,157.36758422851562,166.92999267578125,170.0399932861328,165.83999633789062,167.7899932861328,6876800
2023-01-06 00:00:00+00:00,165.1261749267578,175.16000366210938,176.16000366210938,167.4199981689453,169.6199951171875,6725900
2023-01-09 00:00:00+00:00,166.55908203125,176.67999267578125,180.3800048828125,176.32000732421875,177.14999389648438,5733900
2023-01-10 00:00:00+00:00,168.18052673339844,178.39999389648438,179.6199951171875,175.8300018310547,176.6300048828125,4267700
2023-01-11 00:00:00+00:00,168.6236114501953,178.8699951171875,179.0500030517578,176.92999267578125,178.22000122070312,5013900
2023-01-12 00:00:00+00:00,167.92604064941406,178.1300048828125,181.1699981689453,176.99000549316406,179.72000122070312,4324900
2023-01-13 00:00:00+00:00,168.755615234375,179.00999450683594,179.11000061035156,176.22000122070312,177.07000732421875,3736700
2023-01-17 00:00:00+00:00,165.3524169921875,175.39999389648438,179.82000732421875,175.3000030517578,178.8000030517578,5659400
2023-01-18 00:00:00+00:00,163.80636596679688,173.75999450683594,177.32000732421875,173.58999633789062,176.3699951171875,5874300
2023-01-19 00:00:00+00:00,161.13844299316406,170.92999267578125,173.72999572753906,169.6199951171875,173.3800048828125,5995700
2023-01-20 00:00:00+00:00,163.08987426757812,173.0,173.58999633789062,169.75,172.44000244140625,7569900
2023-01-23 00:00:00+00:00,167.96371459960938,178.1699981689453,179.02000427246094,172.55999755859375,173.64999389648438,7847600
2023-01-24 00:00:00+00:00,166.89845275878906,177.0399932861328,178.52000427246094,175.33999633789062,176.75,5351600
2023-01-25 00:00:00+00:00,165.0130157470703,175.0399932861328,178.2100067138672,171.5,176.6300048828125,6720700
2023-01-26 00:00:00+00:00,164.1269073486328,174.10000610351562,175.27000427246094,171.7899932861328,175.27000427246094,6287900
2023-01-27 00:00:00+00:00,165.20155334472656,175.24000549316406,177.30999755859375,171.8699951171875,172.52999877929688,6074900
2023-01-30 00:00:00+00:00,164.37554931640625,173.1300048828125,175.17999267578125,172.2100067138672,172.33999633789062,5048900
2023-01-31 00:00:00+00:00,168.24925231933594,177.2100067138672,177.3000030517578,172.97999572753906,173.1699981689453,5852400
2023-02-01 00:00:00+00:00,172.89198303222656,182.10000610351562,183.69000244140625,176.75999450683594,177.0,7835800
2023-02-02 00:00:00+00:00,175.37950134277344,184.72000122070312,185.4499969482422,175.75,183.8699951171875,11667100
2023-02-03 00:00:00+00:00,173.07237243652344,182.2899932861328,185.24000549316406,181.58999633789062,181.69000244140625,5732200
2023-02-06 00:00:00+00:00,171.8476104736328,181.0,182.5800018310547,179.44000244140625,180.50999450683594,4385700
2023-02-07 00:00:00+00:00,174.2117156982422,183.49000549316406,184.27000427246094,179.3699951171875,181.07000732421875,4799900
2023-02-08 00:00:00+00:00,167.57513427734375,176.5,182.58999633789062,176.47000122070312,181.7899932861328,5657600
2023-02-09 00:00:00+00:00,166.1415252685547,174.99000549316406,180.5,174.57000732421875,179.22000122070312,5572000
2023-02-10 00:00:00+00:00,166.90106201171875,175.7899932861328,176.13999938964844,173.11000061035156,173.86000061035156,5466400
2023-02-13 00:00:00+00:00,167.77455139160156,176.7100067138672,177.8000030517578,175.69000244140625,176.52000427246094,3443200
2023-02-14 00:00:00+00:00,167.42324829101562,176.33999633789062,177.64999389648438,173.3699951171875,175.16000366210938,4179200
2023-02-15 00:00:00+00:00,169.47401428222656,178.5,178.7100067138672,174.77000427246094,174.8300018310547,3879700
2023-02-16 00:00:00+00:00,167.1763916015625,176.0800018310547,178.32000732421875,175.4199981689453,176.91000366210938,4212400
2023-02-17 00:00:00+00:00,166.45481872558594,175.32000732421875,177.08999633789062,174.47999572753906,175.17999267578125,4060800
2023-02-21 00:00:00+00:00,162.12539672851562,170.75999450683594,174.91000366210938,170.58999633789062,173.5500030517578,7030300
2023-02-22 00:00:00+00:00,161.21392822265625,169.8000030517578,171.94000244140625,168.75999450683594,171.02000427246094,4577400
2023-02-23 00:00:00+00:00,163.13182067871094,171.82000732421875,173.02000427246094,168.49000549316406,172.75,4856600
2023-02-24 00:00:00+00:00,160.58729553222656,169.13999938964844,170.1300048828125,167.8000030517578,169.35000610351562,4118300
2023-02-27 00:00:00+00:00,162.10641479492188,170.74000549316406,172.02000427246094,170.3800048828125,171.38999938964844,3310100
2023-02-28 00:00:00+00:00,162.78050231933594,171.4499969482422,172.57000732421875,169.36000061035156,169.9499969482422,3674500
2023-03-01 00:00:00+00:00,163.46409606933594,172.1699981689453,172.42999267578125,169.80999755859375,171.0399932861328,4649800
2023-03-02 00:00:00+00:00,165.2775115966797,174.0800018310547,174.9199981689453,170.11000061035156,171.1300048828125,4551100
2023-03-03 00:00:00+00:00,166.79660034179688,175.67999267578125,175.9499969482422,172.5,175.0,4379200
2023-03-06 00:00:00+00:00,164.29962158203125,173.0500030517578,176.5,172.8000030517578,175.2899932861328,4090100
2023-03-07 00:00:00+00:00,163.3596649169922,172.05999755859375,174.0,171.14999389648438,172.77000427246094,3844100
2023-03-08 00:00:00+00:00,167.30931091308594,176.22000122070312,176.36000061035156,173.0500030517578,173.61000061035156,3805400
2023-03-09 00:00:00+00:00,164.6698760986328,173.44000244140625,177.91000366210938,172.97999572753906,176.36000061035156,4651200
2023-03-10 00:00:00+00:00,162.9608917236328,171.63999938964844,175.27000427246094,170.97999572753906,175.0,5929700
2023-03-13 00:00:00+00:00,165.0971221923828,173.88999938964844,175.8300018310547,169.91000366210938,170.17999267578125,5453400
2023-03-14 00:00:00+00:00,166.8440704345703,175.72999572753906,176.1999969482422,172.8300018310547,175.9499969482422,5034600
2023-03-15 00:00:00+00:00,165.57183837890625,174.38999938964844,175.1300048828125,171.8800048828125,174.22999572753906,4918300
2023-03-16 00:00:00+00:00,168.1732940673828,177.1300048828125,177.67999267578125,172.8000030517578,173.4600067138672,5028500
2023-03-17 00:00:00+00:00,166.82508850097656,175.7100067138672,179.08999633789062,174.61000061035156,177.8800048828125,12963300
2023-03-20 00:00:00+00:00,170.1006317138672,179.16000366210938,179.8699951171875,175.52000427246094,175.8800048828125,4964600
2023-03-21 00:00:00+00:00,169.38856506347656,178.41000366210938,180.66000366210938,176.25,179.17999267578125,4217500
2023-03-22 00:00:00+00:00,167.4042510986328,176.32000732421875,181.47999572753906,176.25999450683594,177.3699951171875,4738000
2023-03-23 00:00:00+00:00,171.16403198242188,180.27999877929688,181.88999938964844,177.35000610351562,178.13999938964844,5083300
2023-03-24 00:00:00+00:00,170.43295288085938,179.50999450683594,180.49000549316406,177.66000366210938,179.8300018310547,5345400
2023-03-27 00:00:00+00:00,168.09732055664062,177.0500030517578,179.80999755859375,176.41000366210938,179.6300048828125,4453200
2023-03-28 00:00:00+00:00,168.51512145996094,177.49000549316406,177.58999633789062,174.25,176.3699951171875,4061500
2023-03-29 00:00:00+00:00,171.88555908203125,181.0399932861328,181.8699951171875,178.9600067138672,179.42999267578125,5227100
2023-03-30 00:00:00+00:00,174.9237823486328,184.24000549316406,184.49000549316406,181.86000061035156,182.0,5535800
2023-03-31 00:00:00+00:00,176.60426330566406,186.00999450683594,186.3000030517578,183.1199951171875,184.02000427246094,4793100
2023-04-03 00:00:00+00:00,174.84783935546875,184.16000366210938,186.17999267578125,182.72000122070312,185.3300018310547,4143000
2023-04-04 00:00:00+00:00,171.27793884277344,180.39999389648438,184.6699981689453,179.7899932861328,184.25999450683594,4724800
2023-04-05 00:00:00+00:00,168.23974609375,177.1999969482422,179.72999572753906,175.1199951171875,179.49000549316406,5904900
2023-04-06 00:00:00+00:00,169.11322021484375,178.1199951171875,179.22999572753906,174.57000732421875,175.97000122070312,3743000
2023-04-10 00:00:00+00:00,170.3474884033203,179.4199981689453,179.72999572753906,176.2100067138672,176.9499969482422,3488500
2023-04-11 00:00:00+00:00,170.7747344970703,179.8699951171875,181.3800048828125,179.5,180.74000549316406,3296900
2023-04-12 00:00:00+00:00,168.5720672607422,177.5500030517578,181.1999969482422,177.22000122070312,181.1999969482422,3559400
2023-04-13 00:00:00+00:00,170.0531768798828,179.11000061035156,179.8800048828125,175.4499969482422,176.61000061035156,3264200
2023-04-14 00:00:00+00:00,169.92974853515625,178.97999572753906,180.5399932861328,177.25,178.91000366210938,2741900
2023-04-17 00:00:00+00:00,170.94566345214844,180.0500030517578,180.5500030517578,177.77999877929688,178.27999877929688,2845800
2023-04-18 00:00:00+00:00,171.20199584960938,180.32000732421875,181.72999572753906,179.1999969482422,181.00999450683594,2774700
2023-04-19 00:00:00+00:00,168.12583923339844,177.0800018310547,179.4600067138672,176.9600067138672,179.1300048828125,3093900
2023-04-20 00:00:00+00:00,167.6890869140625,176.6199951171875,178.30999755859375,173.52999877929688,174.4199981689453,4710800
2023-04-21 00:00:00+00:00,168.06886291503906,177.02000427246094,177.55999755859375,174.86000061035156,175.60000610351562,6792000
2023-04-24 00:00:00+00:00,167.00547790527344,175.89999389648438,177.42999267578125,175.33999633789062,177.13999938964844,3360100
2023-04-25 00:00:00+00:00,160.8246612548828,169.38999938964844,176.0399932861328,169.33999633789062,175.58999633789062,7136000
2023-04-26 00:00:00+00:00,156.1439666748047,164.4600067138672,170.97000122070312,163.66000366210938,170.97000122070312,8647500
2023-04-27 00:00:00+00:00,156.91302490234375,165.27000427246094,165.61000061035156,161.10000610351562,162.72999572753906,6697900
2023-04-28 00:00:00+00:00,158.7454071044922,167.1999969482422,167.52000427246094,164.85000610351562,164.85000610351562,6574400
2023-05-01 00:00:00+00:00,158.251708984375,166.67999267578125,168.3000030517578,166.1199951171875,168.2100067138672,4831200
2023-05-02 00:00:00+00:00,155.6502685546875,163.94000244140625,167.49000549316406,162.7899932861328,166.33999633789062,7312400
2023-05-03 00:00:00+00:00,155.09010314941406,163.35000610351562,165.99000549316406,163.27000427246094,164.9199981689453,4398800
2023-05-04 00:00:00+00:00,154.09320068359375,162.3000030517578,163.8699951171875,161.36000061035156,163.38999938964844,4309000
2023-05-05 00:00:00+00:00,158.64730834960938,165.82000732421875,166.00999450683594,161.2100067138672,161.4600067138672,5494700
2023-05-08 00:00:00+00:00,157.1165008544922,164.22000122070312,166.60000610351562,163.38999938964844,165.82000732421875,3831300
2023-05-09 00:00:00+00:00,155.9492645263672,163.0,163.49000549316406,162.00999450683594,162.22999572753906,5736800
2023-05-10 00:00:00+00:00,155.9971160888672,163.0500030517578,165.0,161.0399932861328,164.80999755859375,4428800
2023-05-11 00:00:00+00:00,154.1984405517578,161.1699981689453,162.4199981689453,159.94000244140625,162.27000427246094,3320400
2023-05-12 00:00:00+00:00,154.87771606445312,161.8800048828125,162.9600067138672,160.3699951171875,162.11000061035156,2400800
2023-05-15 00:00:00+00:00,158.11151123046875,165.25999450683594,165.47999572753906,160.6300048828125,161.38999938964844,3789100
2023-05-16 00:00:00+00:00,156.3128204345703,163.3800048828125,166.0500030517578,162.86000061035156,165.0,4272900
2023-05-17 00:00:00+00:00,158.18804931640625,165.33999633789062,165.6699981689453,163.07000732421875,164.5,4910300
2023-05-18 00:00:00+00:00,162.46469116210938,169.80999755859375,170.1699981689453,166.0800018310547,166.32000732421875,4916300
2023-05-19 00:00:00+00:00,162.75172424316406,170.11000061035156,170.99000549316406,168.94000244140625,170.58999633789062,4790500
2023-05-22 00:00:00+00:00,163.46926879882812,170.86000061035156,171.11000061035156,169.0500030517578,169.77000427246094,3334000
2023-05-23 00:00:00+00:00,162.397705078125,169.74000549316406,170.74000549316406,169.22000122070312,169.7899932861328,5601200
2023-05-24 00:00:00+00:00,159.8432159423828,167.07000732421875,168.50999450683594,166.19000244140625,166.94000244140625,7502500
2023-05-25 00:00:00+00:00,162.2829132080078,169.6199951171875,170.50999450683594,163.60000610351562,165.0,7747200
2023-05-26 00:00:00+00:00,168.6643829345703,176.2899932861328,177.0500030517578,170.6699981689453,171.32000732421875,8323200
2023-05-30 00:00:00+00:00,168.9131622314453,176.5500030517578,178.19000244140625,175.02999877929688,177.8300018310547,5677200
2023-05-31 00:00:00+00:00,166.358642578125,173.8800048828125,175.8000030517578,173.16000366210938,174.77999877929688,8534000
2023-06-01 00:00:00+00:00,168.20516967773438,175.80999755859375,176.4499969482422,172.89999389648438,175.8699951171875,3955400
2023-06-02 00:00:00+00:00,167.65025329589844,175.22999572753906,176.6300048828125,174.10000610351562,176.5,4787500
2023-06-05 00:00:00+00:00,162.8952178955078,170.25999450683594,175.19000244140625,169.77000427246094,175.19000244140625,5520400
2023-06-06 00:00:00+00:00,162.9908905029297,170.36000061035156,171.5399932861328,168.89999389648438,169.39999389648438,4032400
2023-06-07 00:00:00+00:00,164.55996704101562,172.0,173.7899932861328,170.4499969482422,171.1699981689453,4422700
2023-06-08 00:00:00+00:00,164.78001403808594,172.22999572753906,173.83999633789062,171.4199981689453,173.07000732421875,3343700
2023-06-09 00:00:00+00:00,163.21095275878906,170.58999633789062,173.82000732421875,169.47999572753906,173.42999267578125,4179000
2023-06-12 00:00:00+00:00,166.51170349121094,174.0399932861328,174.27999877929688,171.3800048828125,171.52999877929688,4709300
2023-06-13 00:00:00+00:00,169.73594665527344,177.41000366210938,178.30999755859375,174.32000732421875,176.55999755859375,5408100
2023-06-14 00:00:00+00:00,169.45848083496094,177.1199951171875,178.27000427246094,174.7899932861328,175.82000732421875,4748400
2023-06-15 00:00:00+00:00,170.38653564453125,178.08999633789062,179.39999389648438,175.88999938964844,176.24000549316406,4224100
2023-06-16 00:00:00+00:00,169.1140594482422,176.75999450683594,179.8300018310547,176.25999450683594,179.4499969482422,10374500
2023-06-20 00:00:00+00:00,166.81787109375,174.36000061035156,177.02999877929688,173.42999267578125,174.94000244140625,3516000
2023-06-21 00:00:00+00:00,163.105712890625,170.47999572753906,173.60000610351562,170.3800048828125,172.5,4034300
2023-06-22 00:00:00+00:00,165.1627197265625,172.6300048828125,172.66000366210938,169.80999755859375,170.0,3607800
2023-06-23 00:00:00+00:00,160.42681884765625,167.67999267578125,170.27999877929688,167.1999969482422,169.91000366210938,8541600
2023-06-26 00:00:00+00:00,161.45054626464844,168.75,170.97999572753906,168.02000427246094,168.49000549316406,4899600
2023-06-27 00:00:00+00:00,168.6835174560547,176.30999755859375,176.57000732421875,169.49000549316406,169.8300018310547,6257800
2023-06-28 00:00:00+00:00,167.39193725585938,174.9600067138672,176.3800048828125,174.27999877929688,174.64999389648438,3425300
2023-06-29 00:00:00+00:00,169.14276123046875,176.7899932861328,177.0399932861328,174.41000366210938,175.92999267578125,3704700
2023-06-30 00:00:00+00:00,172.23304748535156,180.02000427246094,180.5399932861328,178.3300018310547,178.8800048828125,6004400
2023-07-03 00:00:00+00:00,171.98428344726562,179.75999450683594,181.1999969482422,177.6199951171875,180.1699981689453,2007600
2023-07-05 00:00:00+00:00,168.89402770996094,176.52999877929688,178.86000061035156,176.4499969482422,178.8000030517578,3729100
2023-07-06 00:00:00+00:00,167.2580108642578,174.82000732421875,175.47999572753906,173.0800018310547,173.6999969482422,4555100
2023-07-07 00:00:00+00:00,166.1864471435547,173.6999969482422,177.07000732421875,173.5800018310547,174.11000061035156,4584800
2023-07-10 00:00:00+00:00,171.6781463623047,179.44000244140625,179.72999572753906,174.55999755859375,174.5800018310547,5563200
2023-07-11 00:00:00+00:00,171.0849609375,178.82000732421875,179.97000122070312,176.85000610351562,179.8300018310547,2755800
2023-07-12 00:00:00+00:00,174.4813995361328,182.3699951171875,182.89999389648438,180.00999450683594,181.00999450683594,5708600
2023-07-13 00:00:00+00:00,175.19895935058594,183.1199951171875,184.00999450683594,181.75,183.5,4441200
2023-07-14 00:00:00+00:00,173.0271453857422,180.85000610351562,183.02999877929688,180.3300018310547,181.61000061035156,3701000
2023-07-17 00:00:00+00:00,175.4668426513672,183.39999389648438,184.25999450683594,178.72000122070312,179.2899932861328,3918500
2023-07-18 00:00:00+00:00,175.73472595214844,183.67999267578125,184.1999969482422,181.0,182.44000244140625,3040500
2023-07-19 00:00:00+00:00,175.7251739501953,183.6699981689453,184.67999267578125,183.02999877929688,183.58999633789062,3686000
2023-07-20 00:00:00+00:00,172.1373748779297,179.9199981689453,182.1699981689453,179.27999877929688,180.64999389648438,7154600
2023-07-21 00:00:00+00:00,176.3470458984375,184.32000732421875,185.57000732421875,181.36000061035156,182.0,17251600
2023-07-24 00:00:00+00:00,175.93565368652344,183.88999938964844,185.75,183.3000030517578,184.5800018310547,4318500
2023-07-25 00:00:00+00:00,178.0309295654297,186.0800018310547,188.1199951171875,184.8000030517578,185.0,6267800
2023-07-26 00:00:00+00:00,168.38693237304688,176.0,177.6999969482422,174.2100067138672,176.88999938964844,11905100
2023-07-27 00:00:00+00:00,170.0325469970703,177.72000122070312,181.13999938964844,176.24000549316406,178.30999755859375,8300400
2023-07-28 00:00:00+00:00,171.85350036621094,178.3699951171875,179.52999877929688,176.92999267578125,178.5,7540400
2023-07-31 00:00:00+00:00,173.42393493652344,180.0,180.39999389648438,178.3300018310547,178.50999450683594,4065200
2023-08-01 00:00:00+00:00,171.85350036621094,178.3699951171875,179.47000122070312,177.69000244140625,179.0,4028700
2023-08-02 00:00:00+00:00,166.14015197753906,172.44000244140625,176.67999267578125,171.7100067138672,176.25,6914500
2023-08-03 00:00:00+00:00,165.52352905273438,171.8000030517578,172.25999450683594,169.63999938964844,170.4499969482422,4515200
2023-08-04 00:00:00+00:00,162.28627014160156,168.44000244140625,170.8800048828125,167.11000061035156,169.60000610351562,6052800
2023-08-07 00:00:00+00:00,162.7872772216797,168.9600067138672,169.82000732421875,166.94000244140625,169.3699951171875,4315700
2023-08-08 00:00:00+00:00,160.6387481689453,166.72999572753906,167.4199981689453,164.42999267578125,167.3000030517578,4628000
2023-08-09 00:00:00+00:00,161.15902709960938,167.27000427246094,168.97999572753906,166.3699951171875,166.72000122070312,4701400
2023-08-10 00:00:00+00:00,161.43841552734375,167.55999755859375,170.5399932861328,166.92999267578125,168.64999389648438,4975300
2023-08-11 00:00:00+00:00,160.1280975341797,166.1999969482422,166.3699951171875,164.63999938964844,165.7899932861328,5454800
2023-08-14 00:00:00+00:00,164.25173950195312,170.47999572753906,170.61000061035156,165.6999969482422,166.1999969482422,5933600
2023-08-15 00:00:00+00:00,162.01651000976562,168.16000366210938,170.16000366210938,167.6199951171875,169.77000427246094,3920900
2023-08-16 00:00:00+00:00,159.6656494140625,165.72000122070312,168.57000732421875,165.3000030517578,167.58999633789062,4558400
2023-08-17 00:00:00+00:00,159.7041778564453,165.75999450683594,167.16000366210938,165.22000122070312,165.72000122070312,3987800
2023-08-18 00:00:00+00:00,160.4075164794922,166.49000549316406,166.83999633789062,164.1699981689453,164.57000732421875,4456000
2023-08-21 00:00:00+00:00,161.81417846679688,167.9499969482422,168.5800018310547,166.08999633789062,166.72999572753906,3941800
2023-08-22 00:00:00+00:00,161.00486755371094,167.11000061035156,169.6300048828125,166.14999389648438,169.6300048828125,3035600
2023-08-23 00:00:00+00:00,163.62547302246094,169.8300018310547,170.5,163.92999267578125,163.92999267578125,4152900
2023-08-24 00:00:00+00:00,159.54039001464844,165.58999633789062,171.47999572753906,165.39999389648438,171.47999572753906,6003200
2023-08-25 00:00:00+00:00,161.67930603027344,167.80999755859375,168.4600067138672,164.6999969482422,166.49000549316406,3947500
2023-08-28 00:00:00+00:00,162.53677368164062,168.6999969482422,169.9199981689453,167.5800018310547,169.22000122070312,3995100
2023-08-29 00:00:00+00:00,164.45407104492188,170.69000244140625,171.25999450683594,167.74000549316406,168.0800018310547,3981700
2023-08-30 00:00:00+00:00,163.0474090576172,169.22999572753906,170.27000427246094,165.32000732421875,166.52000427246094,5120400
2023-08-31 00:00:00+00:00,161.92015075683594,168.05999755859375,170.3000030517578,168.0,168.82000732421875,6026500
2023-09-01 00:00:00+00:00,163.62547302246094,169.8300018310547,170.02000427246094,168.52999877929688,169.97999572753906,2610100
2023-09-05 00:00:00+00:00,163.5387725830078,169.74000549316406,170.89999389648438,168.22000122070312,169.0800018310547,2882200
2023-09-06 00:00:00+00:00,161.9105224609375,168.0500030517578,170.02999877929688,166.89999389648438,169.6999969482422,4244000
2023-09-07 00:00:00+00:00,158.69253540039062,164.7100067138672,166.3800048828125,163.97000122070312,165.77000427246094,6272100
2023-09-08 00:00:00+00:00,158.6443634033203,164.66000366210938,165.41000366210938,163.82000732421875,165.11000061035156,3301100
2023-09-11 00:00:00+00:00,159.78125,165.83999633789062,166.69000244140625,164.10000610351562,166.52000427246094,3191900
2023-09-12 00:00:00+00:00,157.51712036132812,163.49000549316406,166.08999633789062,163.42999267578125,164.6699981689453,3739900
2023-09-13 00:00:00+00:00,158.3553466796875,164.36000061035156,165.5399932861328,163.52999877929688,163.91000366210938,3331900
2023-09-14 00:00:00+00:00,159.98361206054688,166.0500030517578,166.63999938964844,163.63999938964844,166.4199981689453,4071600
2023-09-15 00:00:00+00:00,156.67889404296875,162.6199951171875,166.5,162.42999267578125,166.2100067138672,9427000
2023-09-18 00:00:00+00:00,156.8812255859375,162.8300018310547,163.58999633789062,161.75999450683594,162.0,3180100
2023-09-19 00:00:00+00:00,157.17990112304688,163.13999938964844,163.50999450683594,161.41000366210938,162.4600067138672,3244400
2023-09-20 00:00:00+00:00,156.1779022216797,162.10000610351562,164.5800018310547,161.0,163.97999572753906,5035700
2023-09-21 00:00:00+00:00,154.5399932861328,160.39999389648438,162.89999389648438,160.35000610351562,160.38999938964844,4492700
2023-09-22 00:00:00+00:00,154.45327758789062,160.30999755859375,162.0500030517578,160.2100067138672,161.82000732421875,3715300
2023-09-25 00:00:00+00:00,155.02171325683594,160.89999389648438,160.9199981689453,159.22999572753906,159.9499969482422,3107600
2023-09-26 00:00:00+00:00,152.18914794921875,157.9600067138672,159.72000122070312,157.3699951171875,159.61000061035156,4164000
2023-09-27 00:00:00+00:00,152.36256408691406,158.13999938964844,159.50999450683594,155.88999938964844,159.25,4232000
2023-09-28 00:00:00+00:00,153.27786254882812,159.08999633789062,161.3800048828125,158.07000732421875,158.13999938964844,4271400
2023-09-29 00:00:00+00:00,153.20077514648438,159.00999450683594,161.16000366210938,158.30999755859375,160.83999633789062,3664600
2023-10-02 00:00:00+00:00,154.1064453125,159.9499969482422,160.63999938964844,157.8300018310547,159.50999450683594,2922300
2023-10-03 00:00:00+00:00,151.50506591796875,157.25,160.39999389648438,156.33999633789062,158.11000061035156,3510700
2023-10-04 00:00:00+00:00,152.1987762451172,157.97000122070312,158.47999572753906,156.49000549316406,157.66000366210938,4129900
2023-10-05 00:00:00+00:00,149.44325256347656,155.11000061035156,159.16000366210938,154.77999877929688,158.4600067138672,4389200
2023-10-06 00:00:00+00:00,151.26422119140625,157.0,158.10000610351562,153.55999755859375,154.27000427246094,5016200
2023-10-09 00:00:00+00:00,150.9944610595703,156.72000122070312,156.83999633789062,154.6999969482422,155.8300018310547,2747000
2023-10-10 00:00:00+00:00,151.9001007080078,157.66000366210938,159.22000122070312,156.27999877929688,156.72000122070312,3657400
2023-10-11 00:00:00+00:00,151.58216857910156,157.3300018310547,158.27000427246094,155.74000549316406,156.32000732421875,4452400
2023-10-12 00:00:00+00:00,149.33726501464844,155.0,158.27000427246094,154.22999572753906,158.0399932861328,5643300
2023-10-13 00:00:00+00:00,147.1694793701172,152.75,155.47999572753906,152.1999969482422,155.32000732421875,4319100
2023-10-16 00:00:00+00:00,148.66285705566406,154.3000030517578,154.72999572753906,153.08999633789062,153.36000061035156,4872200
2023-10-17 00:00:00+00:00,148.6243133544922,154.25999450683594,154.91000366210938,151.88999938964844,152.82000732421875,5098900
2023-10-18 00:00:00+00:00,146.27345275878906,151.82000732421875,154.02999877929688,151.4499969482422,152.9199981689453,4837500
2023-10-19 00:00:00+00:00,145.4256134033203,150.94000244140625,153.4600067138672,150.47000122070312,152.83999633789062,6041100
2023-10-20 00:00:00+00:00,142.40994262695312,147.80999755859375,151.80999755859375,147.61000061035156,151.4199981689453,5391500
2023-10-23 00:00:00+00:00,140.97438049316406,146.32000732421875,148.67999267578125,146.00999450683594,147.27999877929688,5398200
2023-10-24 00:00:00+00:00,141.55245971679688,146.9199981689453,147.61000061035156,145.9499969482422,146.83999633789062,7024400
2023-10-25 00:00:00+00:00,136.60989379882812,141.7899932861328,144.58999633789062,140.1300048828125,141.4199981689453,12349200
2023-10-26 00:00:00+00:00,138.74880981445312,144.00999450683594,146.6300048828125,142.00999450683594,142.1699981689453,7888800
2023-10-27 00:00:00+00:00,137.8912811279297,143.1199951171875,145.08999633789062,142.35000610351562,144.8800048828125,5327500
2023-10-30 00:00:00+00:00,136.6078643798828,140.5,141.41000366210938,139.47999572753906,140.8699951171875,6640800
2023-10-31 00:00:00+00:00,138.07601928710938,142.00999450683594,143.0399932861328,140.02999877929688,140.8000030517578,6570300
2023-11-01 00:00:00+00:00,139.2039031982422,143.1699981689453,143.30999755859375,140.82000732421875,142.63999938964844,7503200
2023-11-02 00:00:00+00:00,143.2292022705078,147.30999755859375,147.80999755859375,144.5,144.94000244140625,6297900
2023-11-03 00:00:00+00:00,146.06832885742188,150.22999572753906,151.58999633789062,149.0800018310547,149.3000030517578,5818700
2023-11-06 00:00:00+00:00,143.41395568847656,147.5,150.1999969482422,146.61000061035156,149.5800018310547,6601400
2023-11-07 00:00:00+00:00,142.52915954589844,146.58999633789062,147.24000549316406,145.50999450683594,146.8000030517578,5193000
2023-11-08 00:00:00+00:00,141.1970977783203,145.22000122070312,146.8300018310547,144.47000122070312,146.44000244140625,6901400
2023-11-09 00:00:00+00:00,139.3011474609375,143.27000427246094,146.5,143.1699981689453,145.92999267578125,7061200
2023-11-10 00:00:00+00:00,143.112548828125,147.19000244140625,147.5800018310547,143.0800018310547,144.99000549316406,7214700
2023-11-13 00:00:00+00:00,141.8291015625,145.8699951171875,146.41000366210938,145.19000244140625,146.22999572753906,4345400
2023-11-14 00:00:00+00:00,145.77662658691406,149.92999267578125,151.10000610351562,148.91000366210938,150.22000122070312,7051600
2023-11-15 00:00:00+00:00,147.6628875732422,151.8699951171875,153.63999938964844,150.14999389648438,151.00999450683594,5957000
2023-11-16 00:00:00+00:00,147.68234252929688,151.88999938964844,152.99000549316406,150.80999755859375,151.9600067138672,5599400
2023-11-17 00:00:00+00:00,150.3367156982422,154.6199951171875,155.5,151.89999389648438,152.3000030517578,7524200
2023-11-20 00:00:00+00:00,151.23123168945312,155.5399932861328,156.27999877929688,153.9499969482422,154.02000427246094,5836900
2023-11-21 00:00:00+00:00,149.17967224121094,153.42999267578125,154.66000366210938,152.47000122070312,154.66000366210938,3877600
2023-11-22 00:00:00+00:00,149.6658172607422,153.92999267578125,156.16000366210938,153.27999877929688,154.5,3159800
2023-11-24 00:00:00+00:00,149.33523559570312,153.58999633789062,154.42999267578125,153.16000366210938,154.32000732421875,1604800
2023-11-27 00:00:00+00:00,148.3726806640625,152.60000610351562,153.35000610351562,151.39999389648438,152.57000732421875,4130700
2023-11-28 00:00:00+00:00,148.66436767578125,152.89999389648438,153.02999877929688,151.4199981689453,152.11000061035156,3883800
2023-11-29 00:00:00+00:00,148.9560546875,153.1999969482422,155.85000610351562,152.9499969482422,154.8000030517578,3647100
2023-11-30 00:00:00+00:00,148.4796142578125,152.7100067138672,154.7100067138672,151.27000427246094,154.67999267578125,6641400
2023-12-01 00:00:00+00:00,150.91038513183594,155.2100067138672,155.30999755859375,151.91000366210938,153.11000061035156,4095200
2023-12-04 00:00:00+00:00,153.0591583251953,157.4199981689453,157.5399932861328,154.02000427246094,154.5800018310547,6572000
2023-12-05 00:00:00+00:00,152.89385986328125,157.25,157.74000549316406,154.83999633789062,156.4600067138672,4935600
2023-12-06 00:00:00+00:00,151.7270965576172,156.0500030517578,159.61000061035156,155.9499969482422,159.1300048828125,4952200
2023-12-07 00:00:00+00:00,153.31195068359375,157.67999267578125,158.69000244140625,154.67999267578125,156.83999633789062,6495400
2023-12-08 00:00:00+00:00,152.67994689941406,157.02999877929688,158.32000732421875,156.2899932861328,157.2899932861328,4732100
2023-12-11 00:00:00+00:00,155.53851318359375,159.97000122070312,161.22999572753906,157.99000549316406,158.57000732421875,7585500
2023-12-12 00:00:00+00:00,153.54530334472656,157.9199981689453,159.89999389648438,157.44000244140625,159.89999389648438,4714400
2023-12-13 00:00:00+00:00,157.32752990722656,161.80999755859375,162.27999877929688,157.9600067138672,158.02000427246094,5940900
2023-12-14 00:00:00+00:00,164.1044464111328,168.77999877929688,169.22000122070312,163.16000366210938,163.6699981689453,11428500
2023-12-15 00:00:00+00:00,163.96832275390625,168.63999938964844,171.08999633789062,167.74000549316406,170.2100067138672,16337000
2023-12-18 00:00:00+00:00,162.78213500976562,167.4199981689453,168.97000122070312,165.86000061035156,168.4499969482422,5015200
2023-12-19 00:00:00+00:00,163.83221435546875,168.5,168.89999389648438,167.0800018310547,168.25999450683594,4379400
2023-12-20 00:00:00+00:00,160.6041717529297,165.17999267578125,168.58999633789062,165.07000732421875,168.0500030517578,5098700
2023-12-21 00:00:00+00:00,162.18902587890625,166.80999755859375,167.57000732421875,165.6699981689453,166.77999877929688,4040100
2023-12-22 00:00:00+00:00,163.5794219970703,168.24000549316406,168.9199981689453,166.82000732421875,167.25999450683594,3492400
2023-12-26 00:00:00+00:00,166.07821655273438,170.80999755859375,171.52999877929688,168.4499969482422,168.94000244140625,3202200
2023-12-27 00:00:00+00:00,166.48658752441406,171.22999572753906,171.6199951171875,170.3300018310547,171.22000122070312,3264900
2023-12-28 00:00:00+00:00,166.9630126953125,171.72000122070312,172.30999755859375,170.7100067138672,172.0,3023000
2023-12-29 00:00:00+00:00,165.7379150390625,170.4600067138672,171.6999969482422,169.9199981689453,171.5399932861328,2920600
2024-01-02 00:00:00+00:00,164.57115173339844,169.25999450683594,169.92999267578125,167.41000366210938,168.85000610351562,5652500
2024-01-03 00:00:00+00:00,162.12095642089844,166.74000549316406,168.5,166.2100067138672,167.99000549316406,5874900
2024-01-04 00:00:00+00:00,159.91384887695312,164.47000122070312,165.7100067138672,162.39999389648438,162.5,6445700
2024-01-05 00:00:00+00:00,160.52639770507812,165.10000610351562,166.22999572753906,164.14999389648438,164.89999389648438,3087200
2024-01-08 00:00:00+00:00,163.87109375,168.5399932861328,168.6699981689453,164.60000610351562,165.2100067138672,5717500
2024-01-09 00:00:00+00:00,163.9586181640625,168.6300048828125,170.52000427246094,166.0,166.0,5018500
2024-01-10 00:00:00+00:00,162.61683654785156,167.25,168.52000427246094,165.11000061035156,168.5,4045200
2024-01-11 00:00:00+00:00,161.01255798339844,165.60000610351562,167.8800048828125,165.02999877929688,167.16000366210938,5635600
2024-01-12 00:00:00+00:00,160.3027801513672,164.8699951171875,167.2100067138672,163.88999938964844,166.66000366210938,4205000
2024-01-16 00:00:00+00:00,159.34017944335938,163.8800048828125,165.47999572753906,162.60000610351562,164.39999389648438,6682800
2024-01-17 00:00:00+00:00,157.92062377929688,162.4199981689453,162.9199981689453,160.2899932861328,162.55999755859375,4079000
2024-01-18 00:00:00+00:00,162.2862548828125,166.91000366210938,167.3800048828125,163.17999267578125,164.6699981689453,6583700
2024-01-19 00:00:00+00:00,168.8395538330078,173.64999389648438,175.16000366210938,170.24000549316406,170.89999389648438,13344000
2024-01-22 00:00:00+00:00,169.9868621826172,174.8300018310547,176.64999389648438,173.6199951171875,174.0,6850700
2024-01-23 00:00:00+00:00,169.51043701171875,174.33999633789062,176.57000732421875,174.25999450683594,174.83999633789062,9459400
2024-01-24 00:00:00+00:00,165.35873413085938,170.07000732421875,172.89999389648438,168.5399932861328,171.2899932861328,15100400
2024-01-25 00:00:00+00:00,162.78213500976562,167.4199981689453,171.52999877929688,166.8300018310547,171.05999755859375,7088200
2024-01-26 00:00:00+00:00,159.54437255859375,164.08999633789062,166.1999969482422,163.27999877929688,166.1999969482422,8800900
2024-01-29 00:00:00+00:00,161.4403533935547,166.0399932861328,166.32000732421875,163.42999267578125,164.0800018310547,6076600
2024-01-30 00:00:00+00:00,158.8042449951172,162.0500030517578,163.77999877929688,161.5399932861328,162.89999389648438,4897600
2024-01-31 00:00:00+00:00,156.9128875732422,160.1199951171875,163.1699981689453,159.32000732421875,160.41000366210938,8665200
2024-02-01 00:00:00+00:00,156.49151611328125,159.69000244140625,159.8699951171875,156.66000366210938,159.22000122070312,6542100
2024-02-02 00:00:00+00:00,156.01132202148438,159.1999969482422,159.8000030517578,157.77000427246094,158.3800048828125,4922400
2024-02-05 00:00:00+00:00,155.71731567382812,158.89999389648438,159.99000549316406,157.58999633789062,159.99000549316406,4190100
2024-02-06 00:00:00+00:00,155.19793701171875,158.3699951171875,159.6999969482422,157.3300018310547,159.1699981689453,4139800
2024-02-07 00:00:00+00:00,155.58995056152344,158.77000427246094,160.2899932861328,158.22999572753906,159.92999267578125,4627900
2024-02-08 00:00:00+00:00,157.00108337402344,160.2100067138672,161.05999755859375,158.77999877929688,159.30999755859375,3487700
2024-02-09 00:00:00+00:00,159.14723205566406,162.39999389648438,162.47999572753906,160.6300048828125,161.27999877929688,3919500
2024-02-12 00:00:00+00:00,157.85366821289062,161.0800018310547,162.83999633789062,161.0500030517578,162.39999389648438,3853000
2024-02-13 00:00:00+00:00,153.70838928222656,156.85000610351562,159.4199981689453,155.4600067138672,158.25999450683594,5357900
2024-02-14 00:00:00+00:00,154.70794677734375,157.8699951171875,159.0399932861328,156.57000732421875,157.85000610351562,4528000
2024-02-15 00:00:00+00:00,157.49107360839844,160.7100067138672,161.27000427246094,158.89999389648438,158.89999389648438,3725300
2024-02-16 00:00:00+00:00,157.16769409179688,160.3800048828125,162.14999389648438,159.42999267578125,160.35000610351562,3167600
2024-02-20 00:00:00+00:00,159.4804229736328,162.74000549316406,162.91000366210938,159.25999450683594,159.3699951171875,5406200
2024-02-21 00:00:00+00:00,160.7935791015625,164.0800018310547,164.1199951171875,161.5,162.52000427246094,4533900
2024-02-22 00:00:00+00:00,162.11651611328125,165.42999267578125,166.1199951171875,163.49000549316406,164.89999389648438,5041200
2024-02-23 00:00:00+00:00,160.41139221191406,163.69000244140625,166.0,163.6300048828125,165.8300018310547,3479100
2024-02-26 00:00:00+00:00,161.00917053222656,164.3000030517578,165.50999450683594,163.77999877929688,164.6199951171875,5251300
2024-02-27 00:00:00+00:00,161.6363525390625,164.94000244140625,165.66000366210938,164.25,164.5800018310547,2886600
2024-02-28 00:00:00+00:00,159.77439880371094,163.0399932861328,163.8800048828125,162.3800048828125,163.5,2933000
2024-02-29 00:00:00+00:00,163.97848510742188,167.3300018310547,167.91000366210938,164.27999877929688,164.89999389648438,7267200
2024-03-01 00:00:00+00:00,167.6239776611328,171.0500030517578,172.08999633789062,167.32000732421875,167.5500030517578,5233200
2024-03-04 00:00:00+00:00,168.9861297607422,172.44000244140625,173.0500030517578,170.86000061035156,172.5,4401600
2024-03-05 00:00:00+00:00,167.22218322753906,170.63999938964844,172.72000122070312,169.27999877929688,171.36000061035156,6215600
2024-03-06 00:00:00+00:00,168.42755126953125,171.8699951171875,175.7899932861328,170.67999267578125,173.11000061035156,6312700
2024-03-07 00:00:00+00:00,171.7594451904297,175.27000427246094,177.75,172.27999877929688,172.27999877929688,5980400
2024-03-08 00:00:00+00:00,168.84893798828125,172.3000030517578,175.5800018310547,172.27000427246094,175.4600067138672,5631000
2024-03-11 00:00:00+00:00,170.70108032226562,174.19000244140625,174.27999877929688,171.52999877929688,172.27999877929688,4207300
2024-03-12 00:00:00+00:00,171.2988739013672,174.8000030517578,176.35000610351562,173.22999572753906,175.99000549316406,5802600
2024-03-13 00:00:00+00:00,169.2213134765625,172.67999267578125,174.2899932861328,171.2100067138672,173.88999938964844,5199500
2024-03-14 00:00:00+00:00,167.71217346191406,171.13999938964844,173.6300048828125,169.8000030517578,173.30999755859375,5028200
2024-03-15 00:00:00+00:00,169.0645294189453,172.52000427246094,173.02999877929688,168.69000244140625,169.60000610351562,19078800
2024-03-18 00:00:00+00:00,165.82083129882812,169.2100067138672,174.7899932861328,169.05999755859375,174.5399932861328,5213800
2024-03-19 00:00:00+00:00,163.41989135742188,166.75999450683594,168.30999755859375,165.97999572753906,167.67999267578125,5640000
2024-03-20 00:00:00+00:00,166.57540893554688,169.97999572753906,170.13999938964844,166.27000427246094,167.0800018310547,4404600
2024-03-21 00:00:00+00:00,169.13311767578125,172.58999633789062,174.7899932861328,171.72000122070312,172.8300018310547,4371600
2024-03-22 00:00:00+00:00,169.02532958984375,172.47999572753906,173.72999572753906,171.25999450683594,171.72999572753906,4177200
2024-03-25 00:00:00+00:00,167.427978515625,170.85000610351562,172.3300018310547,170.61000061035156,170.8300018310547,3298600
2024-03-26 00:00:00+00:00,164.54685974121094,167.91000366210938,171.86000061035156,167.50999450683594,171.44000244140625,5898300
2024-03-27 00:00:00+00:00,169.4075164794922,172.8699951171875,172.9199981689453,168.8300018310547,169.0,4272300
2024-03-28 00:00:00+00:00,170.72068786621094,174.2100067138672,175.85000610351562,173.3300018310547,173.47999572753906,4417800
2024-04-01 00:00:00+00:00,169.70150756835938,173.1699981689453,175.91000366210938,172.86000061035156,174.1199951171875,2303200
2024-04-02 00:00:00+00:00,166.9477996826172,170.36000061035156,172.35000610351562,169.60000610351562,172.35000610351562,3304500
2024-04-03 00:00:00+00:00,166.9281768798828,170.33999633789062,170.88999938964844,167.88999938964844,169.5800018310547,3295800
2024-04-04 00:00:00+00:00,165.15443420410156,168.52999877929688,173.0,168.10000610351562,171.77000427246094,7491300
2024-04-05 00:00:00+00:00,164.14508056640625,167.5,169.25,167.13999938964844,168.57000732421875,5012300
2024-04-08 00:00:00+00:00,166.06582641601562,169.4600067138672,170.2899932861328,167.25999450683594,167.61000061035156,3154000
2024-04-09 00:00:00+00:00,169.9857177734375,173.4600067138672,173.52000427246094,170.1300048828125,171.0,4830700
2024-04-10 00:00:00+00:00,165.53663635253906,168.9199981689453,170.41000366210938,167.89999389648438,169.8699951171875,5662800
2024-04-11 00:00:00+00:00,167.77096557617188,171.1999969482422,171.85000610351562,168.1300048828125,169.89999389648438,4352100
2024-04-12 00:00:00+00:00,162.99850463867188,166.3300018310547,169.42999267578125,165.77000427246094,168.4199981689453,5472400
2024-04-15 00:00:00+00:00,163.0181121826172,166.35000610351562,169.33999633789062,165.32000732421875,168.2899932861328,4739500
2024-04-16 00:00:00+00:00,164.23326110839844,167.58999633789062,168.52000427246094,166.82000732421875,167.47999572753906,3389000
2024-04-17 00:00:00+00:00,162.38111877441406,165.6999969482422,168.97999572753906,165.5,168.3800048828125,4564900
2024-04-18 00:00:00+00:00,160.39178466796875,163.6699981689453,164.67999267578125,161.5500030517578,163.67999267578125,5605500
2024-04-19 00:00:00+00:00,156.48170471191406,159.67999267578125,164.4199981689453,159.11000061035156,163.0800018310547,10496700
2024-04-22 00:00:00+00:00,160.15658569335938,163.42999267578125,164.13999938964844,160.0500030517578,160.25999450683594,5942400
2024-04-23 00:00:00+00:00,162.15573120117188,165.47000122070312,166.89999389648438,162.4600067138672,163.0399932861328,6833600
2024-04-24 00:00:00+00:00,171.30865478515625,174.80999755859375,179.49000549316406,173.61000061035156,178.22999572753906,13965900
2024-04-25 00:00:00+00:00,171.73985290527344,175.25,177.0500030517578,172.25999450683594,176.07000732421875,9130800
2024-04-26 00:00:00+00:00,173.92518615722656,177.47999572753906,178.3000030517578,175.0,175.25,5401900
2024-04-29 00:00:00+00:00,175.6989288330078,179.2899932861328,179.7899932861328,177.30999755859375,177.47999572753906,4191500
2024-04-30 00:00:00+00:00,172.88641357421875,176.4199981689453,179.24000549316406,176.30999755859375,178.4199981689453,6444300
2024-05-01 00:00:00+00:00,171.69085693359375,175.1999969482422,178.7100067138672,174.39999389648438,175.83999633789062,7167700
2024-05-02 00:00:00+00:00,172.27883911132812,175.8000030517578,179.80999755859375,173.64999389648438,179.80999755859375,4838300
2024-05-03 00:00:00+00:00,175.3265380859375,178.91000366210938,179.67999267578125,177.42999267578125,177.49000549316406,4545100
2024-05-06 00:00:00+00:00,178.03126525878906,181.6699981689453,181.88999938964844,179.27000427246094,179.89999389648438,4127400
2024-05-07 00:00:00+00:00,180.3014373779297,182.6699981689453,183.58999633789062,181.6699981689453,181.8699951171875,5152700
2024-05-08 00:00:00+00:00,181.56483459472656,183.9499969482422,184.07000732421875,181.49000549316406,181.75999450683594,4220900
2024-05-09 00:00:00+00:00,182.91708374023438,185.32000732421875,185.75,183.66000366210938,184.0,5843300
2024-05-10 00:00:00+00:00,184.62464904785156,187.0500030517578,187.35000610351562,185.72999572753906,185.8800048828125,5606800
2024-05-13 00:00:00+00:00,185.38467407226562,187.82000732421875,188.3800048828125,186.6699981689453,187.0,3686300
2024-05-14 00:00:00+00:00,188.65174865722656,191.1300048828125,191.4600067138672,187.10000610351562,187.44000244140625,4917500
2024-05-15 00:00:00+00:00,192.9946746826172,195.52999877929688,195.61000061035156,191.88999938964844,192.5800018310547,5936800
2024-05-16 00:00:00+00:00,192.44195556640625,194.97000122070312,195.8699951171875,192.58999633789062,192.60000610351562,5371800
2024-05-17 00:00:00+00:00,192.49131774902344,195.02000427246094,196.5500030517578,193.8300018310547,195.0,4534200
2024-05-20 00:00:00+00:00,196.6171112060547,199.1999969482422,199.27000427246094,194.5,195.02000427246094,5282800
2024-05-21 00:00:00+00:00,196.42955017089844,199.00999450683594,199.3000030517578,196.83999633789062,197.1699981689453,5489100
2024-05-22 00:00:00+00:00,199.91378784179688,202.5399932861328,203.6199951171875,199.64999389648438,199.97000122070312,9119000
2024-05-23 00:00:00+00:00,194.7318572998047,197.2899932861328,202.9499969482422,196.83999633789062,202.60000610351562,7125400
2024-05-24 00:00:00+00:00,196.59735107421875,199.17999267578125,199.77000427246094,197.75,198.8300018310547,4354100
2024-05-28 00:00:00+00:00,197.0119171142578,199.60000610351562,206.0,197.91000366210938,206.0,8661000
2024-05-29 00:00:00+00:00,192.3827362060547,194.91000366210938,197.66000366210938,194.75999450683594,196.66000366210938,5607800
2024-05-30 00:00:00+00:00,193.1427459716797,195.67999267578125,195.92999267578125,193.75,195.4499969482422,5213500
2024-05-31 00:00:00+00:00,192.48143005371094,195.00999450683594,196.69000244140625,190.25999450683594,195.3699951171875,9137300
2024-06-03 00:00:00+00:00,191.20816040039062,193.72000122070312,196.6300048828125,191.6999969482422,196.3699951171875,4153500
2024-06-04 00:00:00+00:00,190.79360961914062,193.3000030517578,194.42999267578125,192.05999755859375,193.30999755859375,7221600
2024-06-05 00:00:00+00:00,193.5375518798828,196.0800018310547,196.22000122070312,193.5399932861328,194.77999877929688,5988600
2024-06-06 00:00:00+00:00,193.6954803466797,196.24000549316406,196.63999938964844,194.52000427246094,195.97999572753906,3905500
2024-06-07 00:00:00+00:00,193.0736541748047,195.61000061035156,197.38999938964844,194.77999877929688,195.9499969482422,3308400
2024-06-10 00:00:00+00:00,195.05758666992188,197.6199951171875,197.8000030517578,194.0,194.17999267578125,4202700
2024-06-11 00:00:00+00:00,194.8799285888672,197.44000244140625,197.83999633789062,194.47999572753906,197.14999389648438,4193200
2024-06-12 00:00:00+00:00,196.3999481201172,198.97999572753906,201.2899932861328,197.3699951171875,199.47000122070312,4655700
2024-06-13 00:00:00+00:00,193.73497009277344,196.27999877929688,197.44000244140625,194.86000061035156,195.0,3409900
2024-06-14 00:00:00+00:00,191.3858184814453,193.89999389648438,195.6300048828125,193.07000732421875,193.83999633789062,3479100
2024-06-17 00:00:00+00:00,192.3728485107422,194.89999389648438,195.19000244140625,192.1699981689453,193.1699981689453,3804900
2024-06-18 00:00:00+00:00,193.70535278320312,196.25,196.7899932861328,194.22999572753906,195.24000549316406,3036900
2024-06-20 00:00:00+00:00,190.26060485839844,192.75999450683594,194.5,192.17999267578125,194.5,5464900
2024-06-21 00:00:00+00:00,192.9946746826172,195.52999877929688,197.47999572753906,193.72000122070312,194.99000549316406,12516800
2024-06-24 00:00:00+00:00,191.39569091796875,193.91000366210938,196.55999755859375,193.35000610351562,195.5800018310547,3655700
2024-06-25 00:00:00+00:00,191.9484405517578,194.47000122070312,194.94000244140625,192.82000732421875,194.94000244140625,3643300
2024-06-26 00:00:00+00:00,190.59619140625,193.10000610351562,194.99000549316406,192.17999267578125,193.80999755859375,3301000
2024-06-27 00:00:00+00:00,190.9219207763672,193.42999267578125,193.89999389648438,191.8000030517578,192.6699981689453,3874500
2024-06-28 00:00:00+00:00,192.0076446533203,194.52999877929688,197.88999938964844,193.5,194.14999389648438,8861000
2024-07-01 00:00:00+00:00,192.07676696777344,194.60000610351562,194.97999572753906,192.74000549316406,193.6300048828125,2873600
2024-07-02 00:00:00+00:00,195.8472137451172,198.4199981689453,199.0500030517578,194.4499969482422,194.99000549316406,4168700
2024-07-03 00:00:00+00:00,196.3604736328125,198.94000244140625,199.57000732421875,196.10000610351562,198.1300048828125,2454800
2024-07-05 00:00:00+00:00,196.21241760253906,198.7899932861328,200.14999389648438,197.24000549316406,200.0,2887900
2024-07-08 00:00:00+00:00,198.85768127441406,201.47000122070312,201.7100067138672,199.39999389648438,200.00999450683594,3927100
2024-07-09 00:00:00+00:00,197.56466674804688,200.16000366210938,202.39999389648438,199.0800018310547,202.39999389648438,3742300
2024-07-10 00:00:00+00:00,200.9797821044922,203.6199951171875,203.77999877929688,201.0,201.30999755859375,4559500
2024-07-11 00:00:00+00:00,197.39686584472656,199.99000549316406,204.0,199.8800048828125,203.80999755859375,5585400
2024-07-12 00:00:00+00:00,199.25247192382812,201.8699951171875,205.2899932861328,201.30999755859375,202.1199951171875,3683800
2024-07-15 00:00:00+00:00,199.14390563964844,201.75999450683594,203.0800018310547,200.8300018310547,201.86000061035156,3089500
2024-07-16 00:00:00+00:00,203.94090270996094,206.6199951171875,206.77000427246094,202.58999633789062,203.47999572753906,3134400
2024-07-17 00:00:00+00:00,201.6114959716797,204.25999450683594,210.83999633789062,204.02999877929688,205.13999938964844,7792500
2024-07-18 00:00:00+00:00,203.2006072998047,205.8699951171875,207.0,203.27999877929688,204.8300018310547,5497200
2024-07-19 00:00:00+00:00,196.51840209960938,199.10000610351562,206.14999389648438,198.74000549316406,205.36000061035156,4868000
2024-07-22 00:00:00+00:00,203.2104949951172,205.8800048828125,206.0,201.00999450683594,203.10000610351562,6063800
2024-07-23 00:00:00+00:00,195.71890258789062,198.2899932861328,202.97999572753906,197.44000244140625,200.58999633789062,6083300
2024-07-24 00:00:00+00:00,195.7090301513672,198.27999877929688,206.5500030517578,196.91000366210938,206.36000061035156,11049100
2024-07-25 00:00:00+00:00,194.59368896484375,197.14999389648438,201.72999572753906,194.1199951171875,198.27999877929688,9555400
2024-07-26 00:00:00+00:00,199.3709259033203,201.99000549316406,204.3800048828125,199.0800018310547,200.47000122070312,5384800
2024-07-29 00:00:00+00:00,199.26235961914062,201.8800048828125,204.1300048828125,200.75999450683594,203.27000427246094,3392000
2024-07-30 00:00:00+00:00,198.38389587402344,200.99000549316406,204.49000549316406,199.7100067138672,203.61000061035156,6062600
2024-07-31 00:00:00+00:00,202.47694396972656,203.80999755859375,204.4600067138672,199.49000549316406,204.4600067138672,7462400
2024-08-01 00:00:00+00:00,192.06549072265625,193.3300018310547,204.1199951171875,190.9600067138672,201.75,7958500
2024-08-02 00:00:00+00:00,186.23390197753906,187.4600067138672,189.6199951171875,186.07000732421875,187.50999450683594,8050200
2024-08-05 00:00:00+00:00,180.00489807128906,181.19000244140625,188.74000549316406,180.07000732421875,184.61000061035156,8659900
2024-08-06 00:00:00+00:00,185.7272186279297,186.9499969482422,190.32000732421875,182.60000610351562,183.52000427246094,6210900
2024-08-07 00:00:00+00:00,182.86607360839844,184.07000732421875,191.52000427246094,183.72000122070312,190.24000549316406,5013000
2024-08-08 00:00:00+00:00,192.0356903076172,193.3000030517578,194.00999450683594,185.5500030517578,187.22999572753906,6180400
2024-08-09 00:00:00+00:00,190.95281982421875,192.2100067138672,193.4499969482422,189.97000122070312,191.02000427246094,3066500
2024-08-12 00:00:00+00:00,190.80380249023438,192.05999755859375,193.6300048828125,190.77999877929688,192.4499969482422,5235900
2024-08-13 00:00:00+00:00,195.95985412597656,197.25,197.7100067138672,193.39999389648438,193.8000030517578,4969000
2024-08-14 00:00:00+00:00,194.33058166503906,195.61000061035156,197.3800048828125,193.4499969482422,197.00999450683594,3072000
2024-08-15 00:00:00+00:00,200.60923767089844,201.92999267578125,203.16000366210938,198.5,200.5,5081900
2024-08-16 00:00:00+00:00,199.21839904785156,200.52999877929688,202.4499969482422,198.17999267578125,201.92999267578125,4236400
2024-08-19 00:00:00+00:00,199.34754943847656,200.66000366210938,201.0500030517578,198.0,200.5399932861328,3788900
2024-08-20 00:00:00+00:00,201.2152557373047,202.5399932861328,204.4499969482422,198.08999633789062,200.44000244140625,7111400
2024-08-21 00:00:00+00:00,207.0071258544922,208.3699951171875,210.8800048828125,204.89999389648438,206.35000610351562,8119300
2024-08-22 00:00:00+00:00,202.4372100830078,203.77000427246094,209.63999938964844,202.8000030517578,208.4600067138672,6879900
2024-08-23 00:00:00+00:00,208.5072479248047,209.8800048828125,210.50999450683594,206.30999755859375,206.82000732421875,6112000
2024-08-26 00:00:00+00:00,206.88790893554688,208.25,210.00999450683594,207.5500030517578,209.0,5806000
2024-08-27 00:00:00+00:00,209.31195068359375,210.69000244140625,211.11000061035156,207.55999755859375,207.9199981689453,4373400
2024-08-28 00:00:00+00:00,206.38125610351562,207.74000549316406,211.27000427246094,205.97000122070312,210.6300048828125,3998100
2024-08-29 00:00:00+00:00,209.70933532714844,211.08999633789062,214.41000366210938,209.64999389648438,210.63999938964844,5622800
2024-08-30 00:00:00+00:00,212.9380645751953,214.33999633789062,214.66000366210938,211.39999389648438,212.5800018310547,5860900
2024-09-03 00:00:00+00:00,200.50990295410156,201.8300018310547,211.9499969482422,201.19000244140625,211.9499969482422,9284000
2024-09-04 00:00:00+00:00,202.66571044921875,204.0,205.74000549316406,200.2899932861328,201.6199951171875,4650400
2024-09-05 00:00:00+00:00,200.2317352294922,201.5500030517578,204.27000427246094,199.67999267578125,202.3000030517578,4107400
2024-09-06 00:00:00+00:00,196.15853881835938,197.4499969482422,201.8699951171875,196.72999572753906,201.5,6314400
2024-09-09 00:00:00+00:00,199.85421752929688,201.1699981689453,202.2899932861328,198.99000549316406,202.08999633789062,4864100
2024-09-10 00:00:00+00:00,198.49317932128906,199.8000030517578,201.27999877929688,197.02999877929688,201.1699981689453,4859400
2024-09-11 00:00:00+00:00,201.0861053466797,202.41000366210938,202.82000732421875,195.0399932861328,199.6999969482422,5900500
2024-09-12 00:00:00+00:00,194.69815063476562,195.97999572753906,202.0,194.6699981689453,201.60000610351562,7202600
2024-09-13 00:00:00+00:00,198.622314453125,199.92999267578125,200.8800048828125,196.8300018310547,197.11000061035156,4617000
2024-09-16 00:00:00+00:00,197.171875,198.47000122070312,199.5,195.99000549316406,198.72000122070312,3717800
2024-09-17 00:00:00+00:00,200.07276916503906,201.38999938964844,202.25,198.92999267578125,199.44000244140625,3478500
2024-09-18 00:00:00+00:00,199.39723205566406,200.7100067138672,204.97000122070312,199.9600067138672,202.67999267578125,4262100
2024-09-19 00:00:00+00:00,206.24217224121094,207.60000610351562,210.55999755859375,205.69000244140625,207.61000061035156,5155600
2024-09-20 00:00:00+00:00,201.9702911376953,203.3000030517578,205.25999450683594,201.0800018310547,204.3800048828125,14502900
2024-09-23 00:00:00+00:00,202.51669311523438,203.85000610351562,204.82000732421875,202.83999633789062,203.88999938964844,2757400
2024-09-24 00:00:00+00:00,203.5995635986328,204.94000244140625,208.4199981689453,204.61000061035156,206.05999755859375,5573200
2024-09-25 00:00:00+00:00,203.71876525878906,205.05999755859375,205.3699951171875,203.1199951171875,203.13999938964844,4124600
2024-09-26 00:00:00+00:00,207.89129638671875,209.25999450683594,210.57000732421875,205.05999755859375,210.32000732421875,4521300
2024-09-27 00:00:00+00:00,207.77207946777344,209.13999938964844,211.72000122070312,208.80999755859375,210.8300018310547,3074400
2024-09-30 00:00:00+00:00,205.21890258789062,206.57000732421875,208.6999969482422,204.10000610351562,206.10000610351562,5459100
2024-10-01 00:00:00+00:00,200.28140258789062,201.60000610351562,207.02000427246094,199.6999969482422,206.05999755859375,9039900
2024-10-02 00:00:00+00:00,202.09942626953125,203.42999267578125,205.75,201.7100067138672,202.91000366210938,4389400
2024-10-03 00:00:00+00:00,200.35093688964844,201.6699981689453,203.44000244140625,200.27000427246094,201.0800018310547,3167000
2024-10-04 00:00:00+00:00,201.3841552734375,202.7100067138672,206.36000061035156,201.33999633789062,206.10000610351562,4092900
2024-10-07 00:00:00+00:00,199.9535675048828,201.27000427246094,202.77999877929688,199.6699981689453,200.58999633789062,2772400
2024-10-08 00:00:00+00:00,200.88742065429688,202.2100067138672,203.25,199.24000549316406,200.97999572753906,6283700
2024-10-09 00:00:00+00:00,203.62936401367188,204.97000122070312,205.5,201.3800048828125,201.5500030517578,3214900
2024-10-10 00:00:00+00:00,201.14572143554688,202.47000122070312,203.36000061035156,200.8800048828125,201.9600067138672,3649400
2024-10-11 00:00:00+00:00,203.76844787597656,205.11000061035156,205.7899932861328,201.3699951171875,201.3699951171875,2815800
2024-10-14 00:00:00+00:00,207.29522705078125,208.66000366210938,208.9600067138672,205.63999938964844,206.13999938964844,3291600
2024-10-15 00:00:00+00:00,198.5329132080078,199.83999633789062,208.64999389648438,198.89999389648438,208.02000427246094,6818800
2024-10-16 00:00:00+00:00,199.3773651123047,200.69000244140625,202.10000610351562,199.27999877929688,201.97999572753906,3311300
2024-10-17 00:00:00+00:00,197.00299072265625,198.3000030517578,204.89999389648438,198.11000061035156,204.89999389648438,4686900
2024-10-18 00:00:00+00:00,197.171875,198.47000122070312,199.9600067138672,196.74000549316406,199.47999572753906,4029500
2024-10-21 00:00:00+00:00,194.48953247070312,195.77000427246094,197.92999267578125,194.1199951171875,196.74000549316406,4948100
2024-10-22 00:00:00+00:00,192.70130920410156,193.97000122070312,195.3000030517578,192.85000610351562,193.61000061035156,7910800
2024-10-23 00:00:00+00:00,200.4204864501953,201.74000549316406,203.0,198.0,201.0399932861328,10548500
2024-10-24 00:00:00+00:00,205.25863647460938,206.61000061035156,206.91000366210938,201.2100067138672,202.82000732421875,9309300
2024-10-25 00:00:00+00:00,205.5765380859375,206.92999267578125,211.38999938964844,206.75,207.61000061035156,5103100
2024-10-28 00:00:00+00:00,204.48373413085938,205.8300018310547,207.30999755859375,205.0,206.3699951171875,4409000
2024-10-29 00:00:00+00:00,209.96763610839844,211.35000610351562,211.58999633789062,205.30999755859375,206.13999938964844,5522800
2024-10-30 00:00:00+00:00,206.5699920654297,207.92999267578125,210.80999755859375,207.75,208.0,4914000
2024-10-31 00:00:00+00:00,203.16000366210938,203.16000366210938,207.9600067138672,201.39999389648438,207.9600067138672,6543000
2024-11-01 00:00:00+00:00,204.9199981689453,204.9199981689453,206.72000122070312,203.0800018310547,203.0800018310547,4208800
2024-11-04 00:00:00+00:00,203.66000366210938,203.66000366210938,205.60000610351562,202.5500030517578,203.49000549316406,3693800
2024-11-05 00:00:00+00:00,202.4600067138672,202.4600067138672,205.52000427246094,199.72000122070312,202.07000732421875,5253200
2024-11-06 00:00:00+00:00,214.97000122070312,214.97000122070312,215.67999267578125,208.3699951171875,208.92999267578125,8527500
2024-11-07 00:00:00+00:00,217.5399932861328,217.5399932861328,218.25,215.57000732421875,215.8000030517578,6020800
2024-11-08 00:00:00+00:00,220.2899932861328,220.2899932861328,220.38999938964844,216.2100067138672,217.0500030517578,5020700
2024-11-11 00:00:00+00:00,215.8699951171875,215.8699951171875,219.72999572753906,214.3300018310547,218.00999450683594,6154700
2024-11-12 00:00:00+00:00,212.77999877929688,212.77999877929688,215.41000366210938,209.0,215.38999938964844,4990800
2024-11-13 00:00:00+00:00,205.72000122070312,205.72000122070312,211.85000610351562,205.33999633789062,211.00999450683594,7921800
2024-11-14 00:00:00+00:00,206.0,206.0,207.07000732421875,204.3800048828125,205.27000427246094,4783800
2024-11-15 00:00:00+00:00,201.1199951171875,201.1199951171875,204.77000427246094,200.27999877929688,203.85000610351562,5970400
2024-11-18 00:00:00+00:00,207.17999267578125,207.17999267578125,207.6699981689453,201.52999877929688,202.1999969482422,7912900
2024-11-19 00:00:00+00:00,201.07000732421875,201.07000732421875,206.3300018310547,200.99000549316406,205.88999938964844,6716000
2024-11-20 00:00:00+00:00,198.19000244140625,198.19000244140625,199.60000610351562,196.47000122070312,198.0800018310547,7344400
2024-11-21 00:00:00+00:00,198.1999969482422,198.1999969482422,200.42999267578125,195.89999389648438,198.25,8080300
2024-11-22 00:00:00+00:00,198.0,198.0,198.91000366210938,196.5,197.77000427246094,7861300
2024-11-25 00:00:00+00:00,202.92999267578125,202.92999267578125,204.13999938964844,199.9600067138672,201.42999267578125,9274400
2024-11-26 00:00:00+00:00,200.9499969482422,200.9499969482422,206.91000366210938,199.14999389648438,206.0,5260500
2024-11-27 00:00:00+00:00,199.19000244140625,199.19000244140625,201.4199981689453,197.64999389648438,200.63999938964844,4732200
2024-11-29 00:00:00+00:00,201.02999877929688,201.02999877929688,202.50999450683594,199.6999969482422,200.0800018310547,3167400
2024-12-02 00:00:00+00:00,201.77999877929688,201.77999877929688,202.41000366210938,198.47999572753906,199.77999877929688,6373900
